56758.389184000 78.58612476942137
56758.392698000 78.58612476942137
56758.395911000 78.58612476942137
56758.400106000 78.58612476942137
56758.406052000 78.58612476942137
56758.410128000 78.58612476942137
56758.415150000 78.58612476942137
56758.420361000 78.58612476942137
56758.425642000 78.58612476942137
56758.430962000 78.58612476942137
56758.435903000 78.58612476942137
56758.440341000 78.58612476942137
56758.445745000 78.58612476942137
56758.452316000 78.58612476942137
56758.455695000 78.58612476942137
56758.460106000 78.58612476942137
56758.465679000 78.58612476942137
56758.470898000 78.58612476942137
56758.475699000 78.58612476942137
56758.480132000 78.58612476942137
56758.488954000 78.58612476942137
56758.493239000 78.58612476942137
56758.496732000 78.58612476942137
56758.500483000 78.58612476942137
56758.506063000 78.58612476942137
56758.510110000 78.58612476942137
56758.515120000 78.58612476942137
56758.521785000 78.58612476942137
56758.525786000 78.58612476942137
56758.530522000 78.58612476942137
56758.535199000 78.57618464523236
56758.540241000 78.58612476942137
56758.546311000 78.58612476942137
56758.550184000 78.58612476942137
56758.555197000 78.58612476942137
56758.560106000 78.58612476942137
56758.565622000 78.58612476942137
56758.572539000 78.58612476942137
56758.575702000 78.59606405209446
56758.580131000 78.58612476942137
56758.589261000 78.58612476942137
56758.592714000 78.58612476942137
56758.595685000 78.59606405209446
56758.600098000 78.58612476942137
56758.605883000 78.58612476942137
56758.610105000 78.59606405209446
56758.615135000 78.58612476942137
56758.622065000 78.58612476942137
56758.625718000 78.58612476942137
56758.630476000 78.58612476942137
56758.635116000 78.58612476942137
56758.640351000 78.59606405209446
56758.646092000 78.58612476942137
56758.651079000 78.58612476942137
56758.655170000 78.58612476942137
56758.660093000 78.58612476942137
56758.665844000 78.58612476942137
56758.672787000 78.58612476942137
56758.675683000 78.58612476942137
56758.680097000 78.58612476942137
56758.689100000 78.58612476942137
56758.692699000 78.58612476942137
56758.695977000 78.58612476942137
56758.700481000 78.58612476942137
56758.706126000 78.58612476942137
56758.710092000 78.58612476942137
56758.715105000 78.58612476942137
56758.722142000 78.58612476942137
56758.725907000 78.58612476942137
56758.730372000 78.58612476942137
56758.735153000 78.58612476942137
56758.740337000 78.58612476942137
56758.745907000 78.58612476942137
56758.751246000 78.58612476942137
56758.755129000 78.58612476942137
56758.760093000 78.58612476942137
56758.765567000 78.58612476942137
56758.772729000 78.58612476942137
56758.775701000 78.58612476942137
56758.780103000 78.58612476942137
56758.789437000 78.58612476942137
56758.792679000 78.58612476942137
56758.795684000 78.58612476942137
56758.800104000 78.58612476942137
56758.806023000 78.59606405209446
56758.810090000 78.59606405209446
56758.815129000 78.58612476942137
56758.821678000 78.58612476942137
56758.825652000 78.58612476942137
56758.830277000 78.58612476942137
56758.836131000 78.58612476942137
56758.840371000 78.58612476942137
56758.845983000 78.58612476942137
56758.850104000 78.58612476942137
56758.855144000 78.58612476942137
56758.860143000 78.58612476942137
56758.865735000 78.58612476942137
56758.872256000 78.58612476942137
56758.875698000 78.58612476942137
56758.880092000 78.58612476942137
56758.889160000 78.58612476942137
56758.892676000 78.58612476942137
56758.896143000 78.58612476942137
56758.900208000 78.58612476942137
56758.906039000 78.58612476942137
56758.910097000 78.58612476942137
56758.915096000 78.58612476942137
56758.922111000 78.58612476942137
56758.925723000 78.58612476942137
56758.930327000 78.58612476942137
56758.935096000 78.58612476942137
56758.940284000 78.58612476942137
56758.945866000 78.58612476942137
56758.950936000 78.58612476942137
56758.955290000 78.58612476942137
56758.960114000 78.58612476942137
56758.965586000 78.58612476942137
56758.972463000 78.58612476942137
56758.975680000 78.58612476942137
56758.980098000 78.58612476942137
56758.987517000 78.58612476942137
56758.990679000 78.58612476942137
56758.995102000 78.58612476942137
56759.000076000 78.58612476942137
56759.005927000 78.58612476942137
56759.010146000 78.58612476942137
56759.015254000 78.58612476942137
56759.021321000 78.58612476942137
56759.025818000 78.58612476942137
56759.030717000 78.58612476942137
56759.035305000 78.58612476942137
56759.040306000 78.58612476942137
56759.045907000 78.57618464523236
56759.050078000 78.57618464523236
56759.055121000 78.57618464523236
56759.060078000 78.58612476942137
56759.065864000 78.58612476942137
56759.072712000 78.58612476942137
56759.075693000 78.58612476942137
56759.080086000 78.58612476942137
56759.089224000 78.58612476942137
56759.092682000 78.58612476942137
56759.095704000 78.58612476942137
56759.100625000 78.58612476942137
56759.105386000 78.58612476942137
56759.110085000 78.58612476942137
56759.115095000 78.58612476942137
56759.121568000 78.58612476942137
56759.125717000 78.58612476942137
56759.130155000 78.58612476942137
56759.135141000 78.58612476942137
56759.140263000 78.58612476942137
56759.145892000 78.59606405209446
56759.151407000 78.59606405209446
56759.155191000 78.58612476942137
56759.160079000 78.58612476942137
56759.165580000 78.59606405209446
56759.171598000 78.58612476942137
56759.175079000 78.58612476942137
56759.180131000 78.58612476942137
56759.189008000 78.58612476942137
56759.192667000 78.59606405209446
56759.195890000 78.59606405209446
56759.200123000 78.59606405209446
56759.205949000 78.58612476942137
56759.210145000 78.58612476942137
56759.215142000 78.58612476942137
56759.221870000 78.58612476942137
56759.225719000 78.58612476942137
56759.230358000 78.58612476942137
56759.235112000 78.59606405209446
56759.240086000 78.59606405209446
56759.246070000 78.58612476942137
56759.250095000 78.58612476942137
56759.255113000 78.58612476942137
56759.260081000 78.58612476942137
56759.265734000 78.59606405209446
56759.271645000 78.58612476942137
56759.275093000 78.58612476942137
56759.280085000 78.58612476942137
56759.285494000 78.58612476942137
56759.290279000 78.58612476942137
56759.295173000 78.58612476942137
56759.300661000 78.59606405209446
56759.305266000 78.59606405209446
56759.310086000 78.59606405209446
56759.315090000 78.58612476942137
56759.322188000 78.58612476942137
56759.325672000 78.58612476942137
56759.330171000 78.58612476942137
56759.335092000 78.58612476942137
56759.340087000 78.58612476942137
56759.345721000 78.58612476942137
56759.350729000 78.58612476942137
56759.355216000 78.58612476942137
56759.360111000 78.57618464523236
56759.365619000 78.58612476942137
56759.372615000 78.58612476942137
56759.375674000 78.58612476942137
56759.380326000 78.58612476942137
56759.387207000 78.58612476942137
56759.390756000 78.58612476942137
56759.395110000 78.58612476942137
56759.400081000 78.58612476942137
56759.405707000 78.58612476942137
56759.410086000 78.58612476942137
56759.415160000 78.58612476942137
56759.420157000 78.58612476942137
56759.425866000 78.58612476942137
56759.430886000 78.58612476942137
56759.435198000 78.58612476942137
56759.440255000 78.58612476942137
56759.445961000 78.59606405209446
56759.451474000 78.58612476942137
56759.455205000 78.58612476942137
56759.460098000 78.58612476942137
56759.465906000 78.58612476942137
56759.471882000 78.58612476942137
56759.475750000 78.58612476942137
56759.480105000 78.58612476942137
56759.486418000 78.58612476942137
56759.490098000 78.58612476942137
56759.495104000 78.58612476942137
56759.500094000 78.58612476942137
56759.505496000 78.58612476942137
56759.510106000 78.58612476942137
56759.515108000 78.58612476942137
56759.522083000 78.58612476942137
56759.525797000 78.58612476942137
56759.530407000 78.58612476942137
56759.535106000 78.58612476942137
56759.540272000 78.58612476942137
56759.545885000 78.58612476942137
56759.550967000 78.58612476942137
56759.555156000 78.59606405209446
56759.560097000 78.58612476942137
56759.565613000 78.58612476942137
56759.571484000 78.58612476942137
56759.575097000 78.58612476942137
56759.580136000 78.58612476942137
56759.588958000 78.58612476942137
56759.592686000 78.58612476942137
56759.595922000 78.58612476942137
56759.600128000 78.58612476942137
56759.605914000 78.58612476942137
56759.610102000 78.58612476942137
56759.615111000 78.58612476942137
56759.621446000 78.58612476942137
56759.625692000 78.59606405209446
56759.630444000 78.59606405209446
56759.635118000 78.58612476942137
56759.640097000 78.58612476942137
56759.645997000 78.58612476942137
56759.651479000 78.59606405209446
56759.655161000 78.59606405209446
56759.660098000 78.60600249312486
56759.665710000 78.59606405209446
56759.671600000 78.59606405209446
56759.675097000 78.59606405209446
56759.680102000 78.60600249312486
56759.689122000 78.60600249312486
56759.692737000 78.60600249312486
56759.696031000 78.60600249312486
56759.700555000 78.59606405209446
56759.705695000 78.59606405209446
56759.710104000 78.59606405209446
56759.715102000 78.58612476942137
56759.721998000 78.57618464523236
56759.725708000 78.57618464523236
56759.730676000 78.57618464523236
56759.735266000 78.57618464523236
56759.740504000 78.57618464523236
56759.745825000 78.56624367965419
56759.751014000 78.57618464523236
56759.755385000 78.57618464523236
56759.760096000 78.57618464523236
56759.765796000 78.57618464523236
56759.772748000 78.56624367965419
56759.775691000 78.57618464523236
56759.780105000 78.57618464523236
56759.789138000 78.59606405209446
56759.792688000 78.59606405209446
56759.796002000 78.59606405209446
56759.800096000 78.59606405209446
56759.805952000 78.59606405209446
56759.810091000 78.59606405209446
56759.815100000 78.59606405209446
56759.821407000 78.59606405209446
56759.825872000 78.59606405209446
56759.830084000 78.59606405209446
56759.835157000 78.59606405209446
56759.840195000 78.59606405209446
56759.845939000 78.59606405209446
56759.851452000 78.58612476942137
56759.855128000 78.58612476942137
56759.860089000 78.58612476942137
56759.865765000 78.58612476942137
56759.873435000 78.58612476942137
56759.876682000 78.58612476942137
56759.880957000 78.58612476942137
56759.888764000 78.58612476942137
56759.891704000 78.58612476942137
56759.895092000 78.58612476942137
56759.900085000 78.58612476942137
56759.905268000 78.59606405209446
56759.910090000 78.58612476942137
56759.915212000 78.59606405209446
56759.922268000 78.59606405209446
56759.925710000 78.59606405209446
56759.930665000 78.59606405209446
56759.935276000 78.59606405209446
56759.940238000 78.59606405209446
56759.945818000 78.60600249312486
56759.951351000 78.60600249312486
56759.955118000 78.59606405209446
56759.960087000 78.60600249312486
56759.965713000 78.59606405209446
56759.972221000 78.60600249312486
56759.975677000 78.60600249312486
56759.980093000 78.60600249312486
56759.987327000 78.60600249312486
56759.990683000 78.59606405209446
56759.995098000 78.59606405209446
56760.000231000 78.59606405209446
56760.005879000 78.59606405209446
56760.010095000 78.59606405209446
56760.015105000 78.59606405209446
56760.021944000 78.59606405209446
56760.025738000 78.59606405209446
56760.030368000 78.59606405209446
56760.035245000 78.58612476942137
56760.040195000 78.58612476942137
56760.045948000 78.58612476942137
56760.050112000 78.58612476942137
56760.055240000 78.59606405209446
56760.060094000 78.58612476942137
56760.065694000 78.58612476942137
56760.072565000 78.58612476942137
56760.075687000 78.59606405209446
56760.080097000 78.59606405209446
56760.087823000 78.59606405209446
56760.090687000 78.59606405209446
56760.095090000 78.59606405209446
56760.100106000 78.59606405209446
56760.105614000 78.59606405209446
56760.110097000 78.59606405209446
56760.115250000 78.59606405209446
56760.121408000 78.59606405209446
56760.125759000 78.59606405209446
56760.130802000 78.59606405209446
56760.135318000 78.59606405209446
56760.140401000 78.59606405209446
56760.146164000 78.59606405209446
56760.151290000 78.59606405209446
56760.155239000 78.59606405209446
56760.160093000 78.59606405209446
56760.165892000 78.59606405209446
56760.171786000 78.58612476942137
56760.175098000 78.59606405209446
56760.180175000 78.59606405209446
56760.189049000 78.59606405209446
56760.192681000 78.60600249312486
56760.195908000 78.60600249312486
56760.200092000 78.60600249312486
56760.205931000 78.59606405209446
56760.210094000 78.59606405209446
56760.215222000 78.59606405209446
56760.221366000 78.59606405209446
56760.225872000 78.59606405209446
56760.230624000 78.59606405209446
56760.235158000 78.59606405209446
56760.240161000 78.59606405209446
56760.245829000 78.60600249312486
56760.251295000 78.60600249312486
56760.255163000 78.59606405209446
56760.260087000 78.60600249312486
56760.265590000 78.59606405209446
56760.271420000 78.60600249312486
56760.275117000 78.60600249312486
56760.280095000 78.60600249312486
56760.288925000 78.59606405209446
56760.292676000 78.60600249312486
56760.295801000 78.60600249312486
56760.300732000 78.60600249312486
56760.305746000 78.60600249312486
56760.310140000 78.61594009238583
56760.315099000 78.61594009238583
56760.321471000 78.61594009238583
56760.325693000 78.60600249312486
56760.330636000 78.61594009238583
56760.335108000 78.60600249312486
56760.340107000 78.61594009238583
56760.345972000 78.60600249312486
56760.354373000 78.60600249312486
56760.357681000 78.59606405209446
56760.360680000 78.59606405209446
56760.365808000 78.59606405209446
56760.370235000 78.60600249312486
56760.375091000 78.60600249312486
56760.380103000 78.61594009238583
56760.389005000 78.63581276509245
56760.392688000 78.63581276509245
56760.396075000 78.6258768497506
56760.400142000 78.6258768497506
56760.405555000 78.6258768497506
56760.410092000 78.61594009238583
56760.415095000 78.61594009238583
56760.421915000 78.61594009238583
56760.425791000 78.61594009238583
56760.430570000 78.60600249312486
56760.435135000 78.60600249312486
56760.440224000 78.60600249312486
56760.446211000 78.61594009238583
56760.450097000 78.61594009238583
56760.455338000 78.61594009238583
56760.460660000 78.60600249312486
56760.465111000 78.60600249312486
56760.470128000 78.60600249312486
56760.475177000 78.59606405209446
56760.480381000 78.59606405209446
56760.489081000 78.59606405209446
56760.492681000 78.60600249312486
56760.495966000 78.60600249312486
56760.500097000 78.60600249312486
56760.505732000 78.59606405209446
56760.510094000 78.58612476942137
56760.515098000 78.57618464523236
56760.521206000 78.58612476942137
56760.525888000 78.59606405209446
56760.531003000 78.59606405209446
56760.535377000 78.58612476942137
56760.540208000 78.57618464523236
56760.545973000 78.58612476942137
56760.551349000 78.58612476942137
56760.555118000 78.58612476942137
56760.560091000 78.58612476942137
56760.565911000 78.57618464523236
56760.572481000 78.58612476942137
56760.575683000 78.59606405209446
56760.580098000 78.60600249312486
56760.589546000 78.61594009238583
56760.592683000 78.61594009238583
56760.595694000 78.6258768497506
56760.600237000 78.63581276509245
56760.605974000 78.63581276509245
56760.610092000 78.6258768497506
56760.615280000 78.61594009238583
56760.621348000 78.60600249312486
56760.625704000 78.61594009238583
56760.630537000 78.61594009238583
56760.635752000 78.61594009238583
56760.640095000 78.61594009238583
56760.645701000 78.61594009238583
56760.651488000 78.60600249312486
56760.655201000 78.60600249312486
56760.660093000 78.60600249312486
56760.665653000 78.61594009238583
56760.671581000 78.61594009238583
56760.675120000 78.6258768497506
56760.680120000 78.6258768497506
56760.688891000 78.61594009238583
56760.692718000 78.61594009238583
56760.695850000 78.61594009238583
56760.700144000 78.6258768497506
56760.705716000 78.6258768497506
56760.710115000 78.6258768497506
56760.715107000 78.6258768497506
56760.721919000 78.6258768497506
56760.725758000 78.61594009238583
56760.730485000 78.61594009238583
56760.735202000 78.61594009238583
56760.740092000 78.6258768497506
56760.746006000 78.6258768497506
56760.754418000 78.6258768497506
56760.757718000 78.6258768497506
56760.761141000 78.6258768497506
56760.765114000 78.6258768497506
56760.770294000 78.63581276509245
56760.775097000 78.63581276509245
56760.780346000 78.63581276509245
56760.788955000 78.63581276509245
56760.792714000 78.63581276509245
56760.796023000 78.63581276509245
56760.800091000 78.63581276509245
56760.805569000 78.64574783828468
56760.810118000 78.64574783828468
56760.815100000 78.63581276509245
56760.821281000 78.63581276509245
56760.825627000 78.63581276509245
56760.830717000 78.63581276509245
56760.835141000 78.63581276509245
56760.840278000 78.63581276509245
56760.845742000 78.63581276509245
56760.850144000 78.63581276509245
56760.855304000 78.63581276509245
56760.860099000 78.63581276509245
56760.865742000 78.6258768497506
56760.871735000 78.6258768497506
56760.875343000 78.6258768497506
56760.880101000 78.61594009238583
56760.889610000 78.60600249312486
56760.892684000 78.61594009238583
56760.895708000 78.61594009238583
56760.900797000 78.61594009238583
56760.907124000 78.61594009238583
56760.910688000 78.6258768497506
56760.915107000 78.61594009238583
56760.921903000 78.60600249312486
56760.925890000 78.60600249312486
56760.930702000 78.59606405209446
56760.935219000 78.59606405209446
56760.940097000 78.58612476942137
56760.946242000 78.60600249312486
56760.950327000 78.61594009238583
56760.955153000 78.6258768497506
56760.960095000 78.63581276509245
56760.965888000 78.6258768497506
56760.973347000 78.6258768497506
56760.976742000 78.61594009238583
56760.980892000 78.61594009238583
56760.988837000 78.61594009238583
56760.991735000 78.61594009238583
56760.995141000 78.61594009238583
56761.000621000 78.61594009238583
56761.005140000 78.60600249312486
56761.010097000 78.61594009238583
56761.015168000 78.61594009238583
56761.021837000 78.61594009238583
56761.025645000 78.61594009238583
56761.030348000 78.60600249312486
56761.035190000 78.60600249312486
56761.040140000 78.60600249312486
56761.045748000 78.59606405209446
56761.051551000 78.59606405209446
56761.055193000 78.59606405209446
56761.060144000 78.59606405209446
56761.065663000 78.60600249312486
56761.071398000 78.60600249312486
56761.075099000 78.60600249312486
56761.080107000 78.61594009238583
56761.085219000 78.61594009238583
56761.090165000 78.61594009238583
56761.095104000 78.61594009238583
56761.100156000 78.61594009238583
56761.105695000 78.6258768497506
56761.110101000 78.6258768497506
56761.115111000 78.6258768497506
56761.121082000 78.6258768497506
56761.125757000 78.61594009238583
56761.130354000 78.61594009238583
56761.135206000 78.61594009238583
56761.140097000 78.61594009238583
56761.145346000 78.60600249312486
56761.150102000 78.60600249312486
56761.155494000 78.61594009238583
56761.160098000 78.61594009238583
56761.166147000 78.61594009238583
56761.170556000 78.61594009238583
56761.175103000 78.61594009238583
56761.180153000 78.60600249312486
56761.189014000 78.60600249312486
56761.192706000 78.60600249312486
56761.195942000 78.60600249312486
56761.200520000 78.60600249312486
56761.205820000 78.60600249312486
56761.210114000 78.61594009238583
56761.215137000 78.61594009238583
56761.221253000 78.61594009238583
56761.225699000 78.61594009238583
56761.230819000 78.61594009238583
56761.235374000 78.61594009238583
56761.240163000 78.61594009238583
56761.246091000 78.61594009238583
56761.251158000 78.60600249312486
56761.255155000 78.60600249312486
56761.260097000 78.60600249312486
56761.265847000 78.60600249312486
56761.272540000 78.60600249312486
56761.275693000 78.60600249312486
56761.280114000 78.60600249312486
56761.289504000 78.60600249312486
56761.292741000 78.60600249312486
56761.295820000 78.60600249312486
56761.300319000 78.60600249312486
56761.305890000 78.60600249312486
56761.310149000 78.60600249312486
56761.315152000 78.60600249312486
56761.321274000 78.59606405209446
56761.325946000 78.60600249312486
56761.330884000 78.60600249312486
56761.335209000 78.60600249312486
56761.340147000 78.60600249312486
56761.346262000 78.61594009238583
56761.351314000 78.61594009238583
56761.355175000 78.60600249312486
56761.360146000 78.60600249312486
56761.365738000 78.60600249312486
56761.371837000 78.60600249312486
56761.375202000 78.60600249312486
56761.380156000 78.59606405209446
56761.388850000 78.58612476942137
56761.391736000 78.59606405209446
56761.395154000 78.59606405209446
56761.400153000 78.59606405209446
56761.405189000 78.59606405209446
56761.410147000 78.59606405209446
56761.415162000 78.59606405209446
56761.421851000 78.59606405209446
56761.425697000 78.59606405209446
56761.430349000 78.58612476942137
56761.435408000 78.58612476942137
56761.440189000 78.58612476942137
56761.445792000 78.58612476942137
56761.451234000 78.58612476942137
56761.455175000 78.58612476942137
56761.460184000 78.58612476942137
56761.465776000 78.58612476942137
56761.472229000 78.58612476942137
56761.475742000 78.58612476942137
56761.480154000 78.58612476942137
56761.488912000 78.59606405209446
56761.492748000 78.59606405209446
56761.495982000 78.60600249312486
56761.500721000 78.60600249312486
56761.505800000 78.59606405209446
56761.510151000 78.59606405209446
56761.515157000 78.60600249312486
56761.521117000 78.60600249312486
56761.525644000 78.60600249312486
56761.530536000 78.59606405209446
56761.535160000 78.59606405209446
56761.540144000 78.59606405209446
56761.545891000 78.59606405209446
56761.551214000 78.60600249312486
56761.555337000 78.61594009238583
56761.560158000 78.61594009238583
56761.565665000 78.61594009238583
56761.571560000 78.63581276509245
56761.575148000 78.64574783828468
56761.580323000 78.66561545771337
56761.588864000 78.67554800369646
56761.591736000 78.67554800369646
56761.595147000 78.67554800369646
56761.600605000 78.67554800369646
56761.605675000 78.68547970702312
56761.610204000 78.68547970702312
56761.615157000 78.69541056756671
56761.621182000 78.69541056756671
56761.625873000 78.70534058520053
56761.630978000 78.70534058520053
56761.635346000 78.71526975979799
56761.640147000 78.72519809123243
56761.646002000 78.75497802529136
56761.650219000 78.75497802529136
56761.655336000 78.76490298280757
56761.660146000 78.76490298280757
56761.665962000 78.76490298280757
56761.672413000 78.76490298280757
56761.675751000 78.75497802529136
56761.680150000 78.75497802529136
56761.689299000 78.75497802529136
56761.692740000 78.75497802529136
56761.696140000 78.75497802529136
56761.700219000 78.75497802529136
56761.705926000 78.75497802529136
56761.710147000 78.75497802529136
56761.715155000 78.75497802529136
56761.721885000 78.75497802529136
56761.725855000 78.74505222410572
56761.730600000 78.7351255793772
56761.735761000 78.71526975979799
56761.740147000 78.69541056756671
56761.746266000 78.67554800369646
56761.751398000 78.65568206920055
56761.755177000 78.6258768497506
56761.760144000 78.5364157358527
56761.765630000 78.31744645976343
56761.772390000 77.81828259109044
56761.775738000 77.47766249074172
56761.780176000 77.0857737307938
56761.788786000 76.50065374231262
56761.791734000 76.3994932128004
56761.795181000 76.29825132050745
56761.800718000 76.20706415898402
56761.805644000 76.2273336541889
56761.810194000 76.3185062017921
56761.815157000 76.40961292920636
56761.821857000 76.51076531534278
56761.825761000 76.530986016133
56761.830367000 76.51076531534278
56761.835236000 76.43996719536634
56761.840147000 76.35900621218835
56761.845822000 76.3083791673827
56761.851183000 76.28812266129553
56761.855172000 76.27799318987614
56761.860146000 76.26786290637845
56761.865774000 76.24759990366498
56761.872418000 76.23746718470765
56761.875742000 76.21719931223792
56761.880153000 76.18679141908447
56761.888663000 76.04479147523183
56761.891736000 75.99403875868877
56761.895548000 75.94326583072682
56761.900247000 75.88231166089382
56761.905418000 75.87214980722105
56761.910147000 75.87214980722105
56761.915156000 75.86198714664604
56761.921106000 75.85182367929845
56761.925768000 75.85182367929845
56761.930668000 75.85182367929845
56761.935425000 75.85182367929845
56761.940149000 75.85182367929845
56761.946232000 75.85182367929845
56761.951034000 75.85182367929845
56761.955261000 75.85182367929845
56761.960162000 75.85182367929845
56761.965700000 75.85182367929845
56761.972517000 75.85182367929845
56761.975740000 75.84165940530787
56761.980212000 75.84165940530787
56761.988895000 75.82132843791628
56761.991737000 75.82132843791628
56761.995748000 75.82132843791628
56762.000746000 75.82132843791628
56762.005678000 75.82132843791628
56762.010179000 75.82132843791628
56762.015217000 75.82132843791628
56762.021102000 75.82132843791628
56762.025937000 75.81116174477461
56762.030870000 75.79082594024776
56762.035212000 75.78065682912192
56762.040148000 75.7704869122608
56762.046277000 75.7704869122608
56762.050212000 75.7704869122608
56762.055192000 75.76031618979405
56762.060140000 75.76031618979405
56762.065943000 75.75014466185137
56762.072393000 75.73997232856254
56762.075764000 75.72979919005722
56762.080153000 75.71962524646524
56762.089296000 75.70945049791632
56762.092777000 75.70945049791632
56762.096159000 75.6992749445402
56762.100455000 75.6687434567467
56762.105928000 75.65856468535979
56762.110143000 75.63820473018127
56762.115216000 75.61784155932868
56762.121983000 75.60765876834927
56762.125823000 75.59747517384089
56762.130564000 75.59747517384089
56762.135201000 75.59747517384089
56762.140141000 75.59747517384089
56762.145755000 75.5872907759335
56762.151149000 75.5872907759335
56762.155162000 75.57710557475693
56762.160140000 75.5669195704411
56762.165638000 75.5669195704411
56762.171409000 75.5669195704411
56762.175142000 75.5669195704411
56762.180163000 75.5669195704411
56762.188889000 75.5669195704411
56762.191731000 75.5669195704411
56762.195146000 75.5669195704411
56762.200203000 75.5669195704411
56762.205796000 75.5669195704411
56762.210145000 75.5669195704411
56762.215158000 75.55673276311592
56762.221793000 75.55673276311592
56762.225724000 75.55673276311592
56762.230292000 75.55673276311592
56762.235188000 75.55673276311592
56762.240142000 75.55673276311592
56762.245984000 75.55673276311592
56762.254303000 75.55673276311592
56762.257769000 75.55673276311592
56762.260851000 75.55673276311592
56762.265769000 75.5465451529113
56762.271238000 75.5465451529113
56762.275143000 75.5465451529113
56762.280165000 75.5465451529113
56762.288922000 75.5465451529113
56762.292758000 75.5465451529113
56762.295801000 75.53635673995718
56762.300149000 75.53635673995718
56762.305587000 75.5465451529113
56762.310139000 75.5465451529113
56762.315147000 75.53635673995718
56762.321152000 75.53635673995718
56762.325665000 75.53635673995718
56762.330669000 75.53635673995718
56762.335410000 75.53635673995718
56762.340139000 75.5465451529113
56762.345797000 75.53635673995718
56762.351115000 75.53635673995718
56762.355378000 75.53635673995718
56762.360139000 75.53635673995718
56762.365857000 75.53635673995718
56762.372142000 75.53635673995718
56762.375730000 75.53635673995718
56762.380149000 75.53635673995718
56762.388848000 75.53635673995718
56762.391728000 75.53635673995718
56762.395138000 75.53635673995718
56762.400148000 75.53635673995718
56762.405898000 75.53635673995718
56762.410143000 75.53635673995718
56762.415149000 75.53635673995718
56762.420226000 75.53635673995718
56762.425942000 75.52616752438354
56762.431025000 75.52616752438354
56762.435169000 75.53635673995718
56762.440149000 75.53635673995718
56762.445994000 75.52616752438354
56762.450161000 75.52616752438354
56762.455942000 75.52616752438354
56762.460137000 75.51597750632027
56762.466089000 75.50578668589736
56762.470479000 75.50578668589736
56762.475143000 75.49559506324478
56762.480475000 75.50578668589736
56762.488599000 75.49559506324478
56762.491740000 75.49559506324478
56762.495567000 75.4854026384925
56762.500221000 75.4854026384925
56762.505887000 75.46501538320891
56762.510143000 75.46501538320891
56762.515174000 75.45482055293759
56762.521733000 75.44462492108661
56762.525774000 75.44462492108661
56762.530309000 75.43442848778601
56762.535289000 75.41403321735613
56762.540156000 75.40383438048698
56762.545863000 75.38343430409063
56762.554325000 75.36303102501746
56762.557747000 75.34262454430839
56762.561078000 75.33242010366573
56762.565745000 75.32221486300446
56762.571256000 75.31200882245479
56762.575141000 75.31200882245479
56762.580226000 75.30180198214686
56762.588913000 75.29159434221087
56762.592737000 75.27117666397544
56762.595988000 75.25075578879006
56762.600287000 75.17925756470287
56762.605744000 75.05659822589382
56762.610142000 74.96452844014787
56762.615153000 74.91335071666039
56762.621034000 74.90311278741922
56762.625778000 74.90311278741922
56762.630442000 74.90311278741922
56762.635192000 74.89287406363484
56762.640138000 74.89287406363484
56762.645408000 74.89287406363484
56762.654152000 74.90311278741922
56762.657730000 74.90311278741922
56762.660959000 74.89287406363484
56762.666202000 74.89287406363484
56762.670551000 74.89287406363484
56762.675145000 74.88263454543777
56762.680178000 74.88263454543777
56762.688649000 74.88263454543777
56762.691732000 74.88263454543777
56762.695496000 74.88263454543777
56762.700276000 74.89287406363484
56762.705659000 74.88263454543777
56762.710139000 74.88263454543777
56762.715146000 74.88263454543777
56762.721180000 74.88263454543777
56762.725827000 74.88263454543777
56762.730873000 74.87239423295865
56762.735202000 74.87239423295865
56762.740142000 74.87239423295865
56762.745904000 74.87239423295865
56762.751263000 74.87239423295865
56762.755265000 74.87239423295865
56762.760139000 74.87239423295865
56762.765924000 74.8621531263281
56762.772351000 74.87239423295865
56762.775740000 74.87239423295865
56762.780146000 74.87239423295865
56762.789099000 74.8621531263281
56762.792726000 74.87239423295865
56762.795933000 74.87239423295865
56762.800135000 74.87239423295865
56762.805232000 74.87239423295865
56762.810142000 74.87239423295865
56762.815158000 74.87239423295865
56762.821235000 74.87239423295865
56762.825917000 74.8621531263281
56762.830674000 74.8621531263281
56762.835254000 74.8621531263281
56762.840140000 74.8621531263281
56762.846256000 74.8621531263281
56762.854093000 74.8621531263281
56762.857727000 74.8621531263281
56762.860926000 74.8621531263281
56762.865824000 74.8621531263281
56762.870539000 74.8621531263281
56762.875168000 74.8621531263281
56762.880638000 74.8621531263281
56762.888626000 74.8621531263281
56762.891733000 74.8621531263281
56762.895662000 74.8621531263281
56762.900382000 74.8621531263281
56762.905846000 74.8621531263281
56762.910166000 74.8621531263281
56762.915232000 74.8621531263281
56762.921829000 74.8621531263281
56762.925749000 74.8621531263281
56762.930482000 74.85191122567667
56762.935211000 74.85191122567667
56762.940150000 74.8621531263281
56762.945986000 74.8621531263281
56762.954234000 74.8621531263281
56762.957733000 74.85191122567667
56762.961063000 74.85191122567667
56762.965829000 74.8621531263281
56762.970426000 74.8621531263281
56762.975148000 74.8621531263281
56762.980156000 74.8621531263281
56762.988835000 74.8621531263281
56762.991780000 74.8621531263281
56762.995144000 74.8621531263281
56763.000257000 74.8621531263281
56763.005565000 74.8621531263281
56763.010145000 74.8621531263281
56763.015156000 74.85191122567667
56763.021092000 74.85191122567667
56763.025664000 74.85191122567667
56763.030606000 74.85191122567667
56763.035430000 74.85191122567667
56763.040162000 74.85191122567667
56763.045824000 74.85191122567667
56763.051187000 74.85191122567667
56763.055166000 74.85191122567667
56763.060141000 74.84166853113501
56763.065630000 74.84166853113501
56763.072262000 74.84166853113501
56763.075734000 74.84166853113501
56763.080146000 74.84166853113501
56763.088811000 74.85191122567667
56763.091734000 74.85191122567667
56763.095190000 74.85191122567667
56763.100684000 74.84166853113501
56763.106984000 74.84166853113501
56763.111083000 74.84166853113501
56763.115195000 74.84166853113501
56763.121736000 74.84166853113501
56763.125890000 74.84166853113501
56763.130151000 74.84166853113501
56763.135388000 74.84166853113501
56763.140154000 74.84166853113501
56763.145988000 74.84166853113501
56763.150403000 74.83142504283379
56763.156035000 74.84166853113501
56763.160162000 74.84166853113501
56763.166200000 74.83142504283379
56763.170350000 74.83142504283379
56763.175167000 74.83142504283379
56763.180159000 74.83142504283379
56763.188612000 74.83142504283379
56763.191782000 74.83142504283379
56763.195499000 74.83142504283379
56763.200156000 74.83142504283379
56763.205536000 74.83142504283379
56763.210484000 74.83142504283379
56763.215161000 74.83142504283379
56763.221563000 74.83142504283379
56763.225755000 74.83142504283379
56763.230198000 74.83142504283379
56763.235278000 74.83142504283379
56763.240264000 74.83142504283379
56763.245719000 74.8211807609036
56763.253905000 74.8211807609036
56763.257742000 74.8211807609036
56763.260974000 74.83142504283379
56763.265806000 74.8211807609036
56763.271345000 74.83142504283379
56763.275166000 74.83142504283379
56763.280174000 74.8211807609036
56763.288805000 74.8211807609036
56763.291746000 74.8211807609036
56763.295155000 74.8211807609036
56763.300351000 74.8211807609036
56763.306166000 74.8211807609036
56763.310170000 74.8211807609036
56763.315161000 74.8211807609036
56763.321574000 74.8211807609036
56763.325800000 74.8211807609036
56763.330965000 74.8211807609036
56763.335192000 74.8211807609036
56763.340154000 74.8211807609036
56763.345784000 74.8211807609036
56763.350587000 74.8211807609036
56763.355197000 74.8211807609036
56763.360153000 74.81093568547514
56763.366174000 74.8211807609036
56763.371572000 74.8211807609036
56763.375363000 74.8211807609036
56763.380168000 74.8211807609036
56763.388862000 74.8211807609036
56763.391778000 74.8211807609036
56763.395156000 74.81093568547514
56763.400154000 74.8211807609036
56763.405688000 74.8211807609036
56763.410402000 74.81093568547514
56763.415157000 74.81093568547514
56763.421284000 74.81093568547514
56763.425683000 74.81093568547514
56763.430376000 74.81093568547514
56763.437439000 74.81093568547514
56763.440893000 74.81093568547514
56763.446094000 74.81093568547514
56763.450714000 74.8211807609036
56763.455318000 74.81093568547514
56763.460153000 74.81093568547514
56763.465791000 74.81093568547514
56763.471619000 74.81093568547514
56763.475159000 74.81093568547514
56763.480158000 74.80068981667907
56763.488796000 74.80068981667907
56763.491750000 74.81093568547514
56763.495153000 74.81093568547514
56763.500155000 74.81093568547514
56763.505406000 74.81093568547514
56763.511055000 74.81093568547514
56763.515158000 74.81093568547514
56763.520199000 74.81093568547514
56763.526008000 74.81093568547514
56763.530331000 74.81093568547514
56763.535561000 74.81093568547514
56763.540605000 74.81093568547514
56763.546259000 74.81093568547514
56763.550565000 74.81093568547514
56763.555183000 74.81093568547514
56763.560155000 74.81093568547514
56763.565998000 74.81093568547514
56763.571697000 74.80068981667907
56763.575174000 74.80068981667907
56763.580172000 74.80068981667907
56763.588677000 74.80068981667907
56763.592331000 74.80068981667907
56763.595777000 74.80068981667907
56763.600155000 74.80068981667907
56763.605357000 74.81093568547514
56763.610162000 74.80068981667907
56763.615168000 74.80068981667907
56763.620261000 74.80068981667907
56763.625689000 74.80068981667907
56763.630890000 74.80068981667907
56763.635970000 74.80068981667907
56763.640199000 74.80068981667907
56763.646495000 74.80068981667907
56763.650661000 74.80068981667907
56763.655197000 74.80068981667907
56763.660191000 74.80068981667907
56763.665741000 74.80068981667907
56763.671660000 74.80068981667907
56763.675415000 74.80068981667907
56763.680180000 74.80068981667907
56763.688824000 74.80068981667907
56763.691764000 74.80068981667907
56763.695164000 74.80068981667907
56763.700161000 74.80068981667907
56763.705491000 74.80068981667907
56763.710309000 74.80068981667907
56763.715163000 74.80068981667907
56763.721280000 74.79044315464603
56763.725809000 74.79044315464603
56763.730550000 74.79044315464603
56763.735235000 74.80068981667907
56763.740162000 74.79044315464603
56763.746102000 74.66742138534686
56763.750670000 74.44158560322144
56763.755189000 74.1433099960151
56763.760161000 73.18233443518342
56763.765676000 68.56838864722752
56763.771687000 66.9778205853169
56763.775556000 63.9933650798331
56763.780202000 60.91507162455858
56763.788797000 56.24352856235146
56763.791752000 55.031684969477645
56763.795164000 53.74464429317066
56763.800163000 51.83662668094469
56763.805723000 50.61529930306415
56763.810209000 49.9617283879512
56763.815183000 49.622683152583946
56763.821377000 48.75574253006969
56763.825721000 48.438794504123926
56763.830591000 48.438794504123926
56763.835854000 48.673602975296255
56763.840498000 48.919953812058836
56763.846128000 49.07235444143754
56763.850853000 49.060634102520275
56763.855225000 49.25981650876236
56763.860160000 49.78640995979687
56763.865891000 50.218668028479016
56763.871977000 50.24201468814472
56763.875753000 50.02014406665008
56763.880177000 49.938358780321444
56763.888833000 49.92667326221332
56763.891758000 49.92667326221332
56763.895544000 49.938358780321444
56763.900277000 49.92667326221332
56763.905410000 49.9617283879512
56763.910177000 49.9617283879512
56763.915173000 49.23639028268154
56763.921580000 47.615533110394
56763.925980000 45.86778315569755
56763.930175000 44.80038754295065
56763.935540000 43.920254643176975
56763.940169000 43.46744072530646
56763.946279000 43.348184359479944
56763.951042000 43.27661170966363
56763.955193000 43.240820101734904
56763.960168000 43.21695707589767
56763.965830000 43.10955415132468
56763.971779000 42.918537879387245
56763.975216000 42.81104769216514
56763.980179000 42.691577557363175
56763.988684000 42.65572902742467
56763.991764000 42.64377875071384
56763.995646000 42.64377875071384
56764.000210000 42.631828090891396
56764.006018000 42.61987704810971
56764.010369000 42.61987704810971
56764.015181000 42.572069050439296
56764.021463000 42.464478712017396
56764.025716000 42.368816956096914
56764.030829000 42.26116844481001
56764.036254000 42.20135047108259
56764.040197000 42.153489296743885
56764.045838000 42.11758945844101
56764.053899000 42.09365435064798
56764.056762000 42.06971773847325
56764.060295000 42.05774886862438
56764.066074000 42.045779623137996
56764.071154000 42.02184000586341
56764.075175000 42.00986963438054
56764.080171000 41.997898887870804
56764.088787000 41.95001215461704
56764.091755000 41.890145318268175
56764.095168000 41.79433896605801
56764.100245000 41.61463789920707
56764.105907000 41.43485358550277
56764.110327000 41.3868971082072
56764.115176000 41.35092589534435
56764.120847000 41.33893475760733
56764.125800000 41.30295914618912
56764.130454000 41.27897357493377
56764.135566000 41.24299247564508
56764.140170000 41.20700808914076
56764.145768000 41.15902380082762
56764.150857000 41.111033685710474
56764.155311000 41.087036446160646
56764.160166000 41.06303775358227
56764.165676000 41.06303775358227
56764.171668000 41.06303775358227
56764.175170000 41.06303775358227
56764.180203000 41.06303775358227
56764.188690000 41.051037862789975
56764.191757000 41.051037862789975
56764.195538000 41.039037609199646
56764.200350000 41.039037609199646
56764.205533000 41.02703699296437
56764.210401000 41.02703699296437
56764.215219000 41.02703699296437
56764.221402000 41.01503601423716
56764.225879000 41.02703699296437
56764.230173000 41.01503601423716
56764.235350000 41.02703699296437
56764.240168000 41.02703699296437
56764.246211000 41.02703699296437
56764.253957000 41.02703699296437
56764.257759000 41.02703699296437
56764.260755000 41.02703699296437
56764.265958000 41.01503601423716
56764.271355000 41.01503601423716
56764.275171000 41.01503601423716
56764.280170000 41.01503601423716
56764.288931000 41.01503601423716
56764.291764000 41.01503601423716
56764.295571000 41.01503601423716
56764.300847000 41.01503601423716
56764.305369000 41.01503601423716
56764.310412000 41.01503601423716
56764.315176000 41.01503601423716
56764.321623000 41.01503601423716
56764.325870000 41.02703699296437
56764.330180000 41.02703699296437
56764.335695000 41.02703699296437
56764.340173000 41.02703699296437
56764.346307000 41.02703699296437
56764.353826000 41.02703699296437
56764.356768000 41.02703699296437
56764.360335000 41.02703699296437
56764.365843000 41.02703699296437
56764.370977000 41.02703699296437
56764.375207000 41.02703699296437
56764.380228000 41.01503601423716
56764.388727000 41.02703699296437
56764.391771000 41.02703699296437
56764.395764000 41.01503601423716
56764.400420000 41.01503601423716
56764.405845000 41.01503601423716
56764.410595000 41.01503601423716
56764.415186000 41.003034673171115
56764.421541000 41.003034673171115
56764.425798000 40.991032969919274
56764.430192000 40.991032969919274
56764.435342000 40.991032969919274
56764.440175000 40.991032969919274
56764.446130000 41.003034673171115
56764.450186000 41.003034673171115
56764.455522000 40.991032969919274
56764.460279000 40.991032969919274
56764.466040000 40.97903090463471
56764.470294000 40.97903090463471
56764.475179000 40.97903090463471
56764.480342000 40.94302253811546
56764.488560000 40.61880136028912
56764.491820000 40.522685670354825
56764.495409000 40.450583944115884
56764.500215000 40.450583944115884
56764.506068000 40.51066960523637
56764.510451000 40.51066960523637
56764.515181000 40.51066960523637
56764.520746000 40.51066960523637
56764.525785000 40.51066960523637
56764.530407000 40.51066960523637
56764.535311000 40.51066960523637
56764.540175000 40.522685670354825
56764.546249000 40.522685670354825
56764.550198000 40.522685670354825
56764.555263000 40.522685670354825
56764.560175000 40.522685670354825
56764.565709000 40.522685670354825
56764.571922000 40.522685670354825
56764.575274000 40.51066960523637
56764.580195000 40.51066960523637
56764.589114000 40.51066960523637
56764.592762000 40.51066960523637
56764.595961000 40.51066960523637
56764.600193000 40.51066960523637
56764.605624000 40.51066960523637
56764.610685000 40.4986531842117
56764.615210000 40.51066960523637
56764.621574000 40.51066960523637
56764.625968000 40.51066960523637
56764.630290000 40.51066960523637
56764.635529000 40.51066960523637
56764.640176000 40.51066960523637
56764.646268000 40.51066960523637
56764.653802000 40.51066960523637
56764.656773000 40.51066960523637
56764.660410000 40.51066960523637
56764.665986000 40.51066960523637
56764.671391000 40.522685670354825
56764.675185000 40.522685670354825
56764.680485000 40.51066960523637
56764.688484000 40.522685670354825
56764.691762000 40.522685670354825
56764.695436000 40.522685670354825
56764.700358000 40.522685670354825
56764.705416000 40.51066960523637
56764.710198000 40.522685670354825
56764.715228000 40.522685670354825
56764.721369000 40.51066960523637
56764.725826000 40.51066960523637
56764.730178000 40.51066960523637
56764.735887000 40.51066960523637
56764.740170000 40.51066960523637
56764.745783000 40.522685670354825
56764.753934000 40.522685670354825
56764.757759000 40.522685670354825
56764.760757000 40.522685670354825
56764.765886000 40.51066960523637
56764.771024000 40.51066960523637
56764.775247000 40.51066960523637
56764.780206000 40.51066960523637
56764.788718000 40.522685670354825
56764.791761000 40.522685670354825
56764.795805000 40.53470137941381
56764.800715000 40.53470137941381
56764.805965000 40.53470137941381
56764.810247000 40.53470137941381
56764.815183000 40.53470137941381
56764.821484000 40.54671673226006
56764.825750000 40.54671673226006
56764.830302000 40.53470137941381
56764.835241000 40.53470137941381
56764.840173000 40.53470137941381
56764.846079000 40.53470137941381
56764.850800000 40.53470137941381
56764.855181000 40.53470137941381
56764.860170000 40.54671673226006
56764.865768000 40.54671673226006
56764.871992000 40.558731728740355
56764.875784000 40.558731728740355
56764.880177000 40.558731728740355
56764.888540000 40.558731728740355
56764.891767000 40.558731728740355
56764.896111000 40.57074636870143
56764.900173000 40.558731728740355
56764.905620000 40.57074636870143
56764.910182000 40.57074636870143
56764.915633000 40.57074636870143
56764.921139000 40.57074636870143
56764.925710000 40.582760651990085
56764.930572000 40.582760651990085
56764.935434000 40.582760651990085
56764.940177000 40.582760651990085
56764.945852000 40.582760651990085
56764.953821000 40.57074636870143
56764.956769000 40.582760651990085
56764.960479000 40.582760651990085
56764.965866000 40.594774578453055
56764.971129000 40.582760651990085
56764.975178000 40.594774578453055
56764.980199000 40.594774578453055
56764.988718000 40.594774578453055
56764.991771000 40.594774578453055
56764.995389000 40.60678814793716
56765.000593000 40.60678814793716
56765.005331000 40.60678814793716
56765.010188000 40.60678814793716
56765.015540000 40.60678814793716
56765.021410000 40.61880136028912
56765.025992000 40.61880136028912
56765.030500000 40.61880136028912
56765.035338000 40.61880136028912
56765.040187000 40.61880136028912
56765.046300000 40.61880136028912
56765.050190000 40.61880136028912
56765.055773000 40.61880136028912
56765.060349000 40.63081421535578
56765.065993000 40.61880136028912
56765.071353000 40.61880136028912
56765.075186000 40.61880136028912
56765.080192000 40.63081421535578
56765.088660000 40.63081421535578
56765.091772000 40.61880136028912
56765.095603000 40.63081421535578
56765.100690000 40.63081421535578
56765.105484000 40.61880136028912
56765.110228000 40.63081421535578
56765.115221000 40.63081421535578
56765.121376000 40.63081421535578
56765.125802000 40.63081421535578
56765.130411000 40.63081421535578
56765.135324000 40.63081421535578
56765.140200000 40.63081421535578
56765.145894000 40.63081421535578
56765.150684000 40.6428267129839
56765.157787000 40.6428267129839
56765.161334000 40.6428267129839
56765.166062000 40.65483885302027
56765.171129000 40.6428267129839
56765.175203000 40.6428267129839
56765.180292000 40.6428267129839
56765.188704000 40.6428267129839
56765.191785000 40.65483885302027
56765.195800000 40.65483885302027
56765.200247000 40.65483885302027
56765.205921000 40.65483885302027
56765.210197000 40.65483885302027
56765.215206000 40.65483885302027
56765.220630000 40.65483885302027
56765.225900000 40.65483885302027
56765.230522000 40.65483885302027
56765.235432000 40.65483885302027
56765.240195000 40.65483885302027
56765.246131000 40.6668506353117
56765.250198000 40.6668506353117
56765.255639000 40.6668506353117
56765.260271000 40.6668506353117
56765.266227000 40.6668506353117
56765.270349000 40.6668506353117
56765.275199000 40.65483885302027
56765.280208000 40.65483885302027
56765.288628000 40.65483885302027
56765.291787000 40.65483885302027
56765.295479000 40.65483885302027
56765.300542000 40.65483885302027
56765.305359000 40.65483885302027
56765.310205000 40.6668506353117
56765.315202000 40.65483885302027
56765.320816000 40.65483885302027
56765.325840000 40.65483885302027
56765.330991000 40.6668506353117
56765.335476000 40.6668506353117
56765.340197000 40.6668506353117
56765.346369000 40.6668506353117
56765.350276000 40.6668506353117
56765.355836000 40.6668506353117
56765.360327000 40.678862059704976
56765.366107000 40.678862059704976
56765.370241000 40.678862059704976
56765.375199000 40.678862059704976
56765.380890000 40.678862059704976
56765.388566000 40.678862059704976
56765.391785000 40.678862059704976
56765.395401000 40.678862059704976
56765.400784000 40.678862059704976
56765.405372000 40.69087312604695
56765.410197000 40.69087312604695
56765.415206000 40.678862059704976
56765.421478000 40.69087312604695
56765.425996000 40.69087312604695
56765.430191000 40.69087312604695
56765.435269000 40.69087312604695
56765.440195000 40.69087312604695
56765.446137000 40.69087312604695
56765.450567000 40.69087312604695
56765.456001000 40.69087312604695
56765.460418000 40.69087312604695
56765.466011000 40.69087312604695
56765.471408000 40.70288383418438
56765.475209000 40.69087312604695
56765.480202000 40.69087312604695
56765.488621000 40.69087312604695
56765.491790000 40.69087312604695
56765.495726000 40.69087312604695
56765.500832000 40.69087312604695
56765.506194000 40.69087312604695
56765.510198000 40.69087312604695
56765.515264000 40.69087312604695
56765.520719000 40.69087312604695
56765.525806000 40.69087312604695
56765.530705000 40.69087312604695
56765.535253000 40.69087312604695
56765.540194000 40.69087312604695
56765.546063000 40.69087312604695
56765.550507000 40.69087312604695
56765.555736000 40.70288383418438
56765.560210000 40.70288383418438
56765.566147000 40.71489418396411
56765.570233000 40.71489418396411
56765.575198000 40.71489418396411
56765.580603000 40.71489418396411
56765.588530000 40.71489418396411
56765.591815000 40.71489418396411
56765.595386000 40.71489418396411
56765.600544000 40.71489418396411
56765.606071000 40.71489418396411
56765.610197000 40.71489418396411
56765.615289000 40.71489418396411
56765.620706000 40.71489418396411
56765.625727000 40.71489418396411
56765.630705000 40.71489418396411
56765.635557000 40.71489418396411
56765.640196000 40.71489418396411
56765.646324000 40.72690417523297
56765.650205000 40.738913807837775
56765.655830000 40.75092308162534
56765.660381000 40.75092308162534
56765.665751000 40.75092308162534
56765.670374000 40.75092308162534
56765.675202000 40.77494055213616
56765.680229000 40.77494055213616
56765.688487000 40.78694874855309
56765.691783000 40.78694874855309
56765.695381000 40.78694874855309
56765.700664000 40.78694874855309
56765.706652000 40.78694874855309
56765.710337000 40.77494055213616
56765.715240000 40.76293199644252
56765.721271000 40.75092308162534
56765.725924000 40.75092308162534
56765.730190000 40.738913807837775
56765.735403000 40.75092308162534
56765.740197000 40.75092308162534
56765.746081000 40.76293199644252
56765.750301000 40.78694874855309
56765.755819000 40.798956585540154
56765.760192000 40.81096406294423
56765.766155000 40.81096406294423
56765.770216000 40.82297118061214
56765.775203000 40.83497793839077
56765.780199000 40.83497793839077
56765.788345000 40.88300136754992
56765.791799000 40.907010918812574
56765.795393000 40.919015153078774
56765.800406000 40.96702847747051
56765.805909000 40.96702847747051
56765.810194000 40.97903090463471
56765.815299000 40.97903090463471
56765.820457000 40.97903090463471
56765.825851000 40.991032969919274
56765.830611000 40.991032969919274
56765.835745000 40.991032969919274
56765.840192000 41.01503601423716
56765.845891000 41.02703699296437
56765.853896000 41.039037609199646
56765.856783000 41.09903524764064
56765.860713000 41.1470268179287
56765.866320000 41.230998045185856
56765.870476000 41.26698024067201
56765.875303000 41.27897357493377
56765.880197000 41.27897357493377
56765.888915000 41.27897357493377
56765.891791000 41.27897357493377
56765.895189000 41.29096654349047
56765.900226000 41.30295914618912
56765.905447000 41.362916666458624
56765.910451000 41.41087608162968
56765.915821000 41.43485358550277
56765.921580000 41.43485358550277
56765.925809000 41.50677726759378
56765.930665000 41.770383652170665
56765.935238000 42.320976962740815
56765.940188000 42.84688122726126
56765.946016000 43.20502497727014
56765.950362000 43.455516857488746
56765.955772000 44.18214700574469
56765.960193000 45.13282776139545
56765.966317000 46.42384203320414
56765.970250000 47.37991144932838
56765.975378000 48.41530358278538
56765.980191000 49.34179356621236
56765.988913000 50.87164481146177
56765.991795000 51.29060903360799
56765.995190000 51.73215519835269
56766.000467000 52.40470205503715
56766.006048000 53.06398978033755
56766.010412000 53.56023924754175
56766.015215000 54.10154629695418
56766.021432000 54.98583488733897
56766.025690000 55.62694478445219
56766.030738000 56.403119616450645
56766.036136000 57.460461872989455
56766.040229000 58.32085789665042
56766.046015000 59.43657668478337
56766.051028000 60.04269208777169
56766.055662000 60.836933261195036
56766.060186000 61.38326608740547
56766.066002000 62.028014027376095
56766.070247000 62.471433988928865
56766.075238000 62.90278878124993
56766.080190000 63.32214476083514
56766.088243000 63.9933650798331
56766.091787000 64.31161647500979
56766.095190000 64.64025839289003
56766.100209000 65.19757686460954
56766.105749000 65.97054253266788
56766.110200000 66.62108013517854
56766.115203000 67.47383404404935
56766.121488000 68.6859878291653
56766.125980000 69.54926858375306
56766.131032000 70.41835325569483
56766.135333000 71.5239566185102
56766.140193000 72.61086429096034
56766.146265000 73.90627708471126
56766.150218000 74.58534353555419
56766.155657000 75.44462492108661
56766.160606000 76.03464254961358
56766.166082000 76.55120345570352
56766.170317000 76.80364586449598
56766.175202000 76.96494057222682
56766.180196000 77.0253719404947
56766.188481000 77.03544096031928
56766.191798000 77.04550915840517
56766.195510000 77.04550915840517
56766.200470000 77.04550915840517
56766.205688000 77.04550915840517
56766.210472000 77.03544096031928
56766.215199000 77.04550915840517
56766.221374000 77.04550915840517
56766.225700000 77.03544096031928
56766.230556000 77.03544096031928
56766.235772000 77.03544096031928
56766.240225000 77.03544096031928
56766.246441000 77.04550915840517
56766.250791000 77.04550915840517
56766.255551000 77.04550915840517
56766.260706000 77.04550915840517
56766.265977000 77.04550915840517
56766.270229000 77.03544096031928
56766.275202000 77.03544096031928
56766.280195000 77.04550915840517
56766.287387000 77.04550915840517
56766.290791000 77.04550915840517
56766.295818000 77.04550915840517
56766.300199000 77.04550915840517
56766.305221000 77.04550915840517
56766.310305000 77.04550915840517
56766.315197000 77.04550915840517
56766.321508000 77.04550915840517
56766.325805000 77.04550915840517
56766.330685000 77.04550915840517
56766.335291000 77.05557653462397
56766.340191000 77.04550915840517
56766.346119000 77.04550915840517
56766.350221000 77.04550915840517
56766.355761000 77.05557653462397
56766.360859000 77.05557653462397
56766.366441000 77.05557653462397
56766.370339000 77.05557653462397
56766.375200000 77.04550915840517
56766.380194000 77.04550915840517
56766.387848000 77.04550915840517
56766.390788000 77.04550915840517
56766.395408000 77.04550915840517
56766.403184000 77.04550915840517
56766.406894000 77.04550915840517
56766.411282000 77.04550915840517
56766.415548000 77.05557653462397
56766.420223000 77.05557653462397
56766.425747000 77.04550915840517
56766.430900000 77.05557653462397
56766.435718000 77.05557653462397
56766.440220000 77.05557653462397
56766.446157000 77.05557653462397
56766.451229000 77.05557653462397
56766.455621000 77.04550915840517
56766.460696000 77.04550915840517
56766.465980000 77.04550915840517
56766.470272000 77.04550915840517
56766.475234000 77.04550915840517
56766.480194000 77.04550915840517
56766.488198000 77.04550915840517
56766.491780000 77.04550915840517
56766.495214000 77.05557653462397
56766.500349000 77.04550915840517
56766.505860000 77.04550915840517
56766.510197000 77.05557653462397
56766.515214000 77.05557653462397
56766.520580000 77.05557653462397
56766.525987000 77.05557653462397
56766.530188000 77.05557653462397
56766.535261000 77.04550915840517
56766.540197000 77.04550915840517
56766.546119000 77.05557653462397
56766.550477000 77.05557653462397
56766.555757000 77.05557653462397
56766.560383000 77.05557653462397
56766.565879000 77.05557653462397
56766.570501000 77.05557653462397
56766.575256000 77.05557653462397
56766.580195000 77.05557653462397
56766.585778000 77.06564308884725
56766.590193000 77.06564308884725
56766.595524000 77.06564308884725
56766.602648000 77.06564308884725
56766.606559000 77.06564308884725
56766.610433000 77.06564308884725
56766.615194000 77.06564308884725
56766.621293000 77.06564308884725
56766.625810000 77.06564308884725
56766.630197000 77.06564308884725
56766.635383000 77.06564308884725
56766.640211000 77.07570882094666
56766.645826000 77.06564308884725
56766.653881000 77.06564308884725
56766.656782000 77.06564308884725
56766.660540000 77.06564308884725
56766.666139000 77.06564308884725
56766.671521000 77.05557653462397
56766.675198000 77.04550915840517
56766.680197000 77.04550915840517
56766.687243000 77.05557653462397
56766.690785000 77.06564308884725
56766.695808000 77.06564308884725
56766.700271000 77.06564308884725
56766.706670000 77.06564308884725
56766.710191000 77.06564308884725
56766.715200000 77.06564308884725
56766.721061000 77.06564308884725
56766.725885000 77.06564308884725
56766.730188000 77.06564308884725
56766.735445000 77.06564308884725
56766.740192000 77.07570882094666
56766.745906000 77.0857737307938
56766.750888000 77.0857737307938
56766.755614000 77.0857737307938
56766.760194000 77.09583781826032
56766.765783000 77.09583781826032
56766.770219000 77.10590108321786
56766.775196000 77.10590108321786
56766.780370000 77.10590108321786
56766.786653000 77.10590108321786
56766.790202000 77.10590108321786
56766.795820000 77.10590108321786
56766.800255000 77.09583781826032
56766.805634000 77.09583781826032
56766.810229000 77.10590108321786
56766.815409000 77.11596352553804
56766.820310000 77.11596352553804
56766.825892000 77.11596352553804
56766.830186000 77.12602514509256
56766.835400000 77.13608594175311
56766.840194000 77.14614591539133
56766.846034000 77.15620506587895
56766.850525000 77.15620506587895
56766.855721000 77.16626339308768
56766.860187000 77.1763208968892
56766.865977000 77.18637757715527
56766.870213000 77.18637757715527
56766.875204000 77.18637757715527
56766.881103000 77.18637757715527
56766.888263000 77.18637757715527
56766.891777000 77.18637757715527
56766.895340000 77.18637757715527
56766.900224000 77.18637757715527
56766.905332000 77.18637757715527
56766.910191000 77.18637757715527
56766.915410000 77.18637757715527
56766.920357000 77.18637757715527
56766.925993000 77.18637757715527
56766.930188000 77.18637757715527
56766.935330000 77.18637757715527
56766.940531000 77.18637757715527
56766.945965000 77.18637757715527
56766.950625000 77.18637757715527
56766.957818000 77.19643343375762
56766.960775000 77.18637757715527
56766.965706000 77.18637757715527
56766.971808000 77.19643343375762
56766.975215000 77.19643343375762
56766.980675000 77.19643343375762
56766.986418000 77.19643343375762
56766.990194000 77.206488466568
56766.995694000 77.206488466568
56767.000208000 77.206488466568
56767.006111000 77.21654267545817
56767.010400000 77.21654267545817
56767.015579000 77.21654267545817
56767.021378000 77.22659606029988
56767.025795000 77.22659606029988
56767.030187000 77.21654267545817
56767.035245000 77.21654267545817
56767.040266000 77.21654267545817
56767.045865000 77.22659606029988
56767.050352000 77.22659606029988
56767.055527000 77.22659606029988
56767.060190000 77.22659606029988
56767.065789000 77.21654267545817
56767.070261000 77.21654267545817
56767.075194000 77.21654267545817
56767.080415000 77.22659606029988
56767.086334000 77.23664862096496
56767.090194000 77.23664862096496
56767.095469000 77.23664862096496
56767.100452000 77.24670035732515
56767.105548000 77.24670035732515
56767.110199000 77.25675126925229
56767.115278000 77.25675126925229
56767.120282000 77.26680135661816
56767.125763000 77.26680135661816
56767.130188000 77.26680135661816
56767.135310000 77.2768506192946
56767.140196000 77.2768506192946
56767.145804000 77.28689905715342
56767.151221000 77.28689905715342
56767.155631000 77.28689905715342
56767.160237000 77.2969466700665
56767.165708000 77.2969466700665
56767.170469000 77.2969466700665
56767.175196000 77.2969466700665
56767.181030000 77.2969466700665
56767.188029000 77.2969466700665
56767.191780000 77.30699345790566
56767.195204000 77.30699345790566
56767.200228000 77.3170394205428
56767.206789000 77.32708455784977
56767.210192000 77.33712886969846
56767.215224000 77.36725685121385
56767.220680000 77.40741592904804
56767.225966000 77.43752655980231
56767.230187000 77.4475617831574
56767.235239000 77.45759617951764
56767.240198000 77.45759617951764
56767.246032000 77.45759617951764
56767.250208000 77.45759617951764
56767.255296000 77.45759617951764
56767.260189000 77.45759617951764
56767.266109000 77.45759617951764
56767.270885000 77.45759617951764
56767.275192000 77.46762974875507
56767.280496000 77.46762974875507
56767.286350000 77.46762974875507
56767.290196000 77.46762974875507
56767.295405000 77.46762974875507
56767.300200000 77.46762974875507
56767.305339000 77.46762974875507
56767.310192000 77.46762974875507
56767.315435000 77.46762974875507
56767.320694000 77.46762974875507
56767.325712000 77.47766249074172
56767.330478000 77.47766249074172
56767.335334000 77.47766249074172
56767.340198000 77.46762974875507
56767.345772000 77.46762974875507
56767.353713000 77.46762974875507
56767.356786000 77.46762974875507
56767.360203000 77.46762974875507
56767.365830000 77.47766249074172
56767.370615000 77.47766249074172
56767.375281000 77.46762974875507
56767.380448000 77.47766249074172
56767.387235000 77.47766249074172
56767.390787000 77.47766249074172
56767.395485000 77.47766249074172
56767.400240000 77.47766249074172
56767.406798000 77.47766249074172
56767.410257000 77.47766249074172
56767.415863000 77.47766249074172
56767.421603000 77.47766249074172
56767.425854000 77.47766249074172
56767.430570000 77.47766249074172
56767.435277000 77.47766249074172
56767.440201000 77.47766249074172
56767.445862000 77.47766249074172
56767.453435000 77.47766249074172
56767.456786000 77.45759617951764
56767.460191000 77.45759617951764
56767.465761000 77.4475617831574
56767.470218000 77.45759617951764
56767.475193000 77.45759617951764
56767.480260000 77.4475617831574
56767.486317000 77.4475617831574
56767.490291000 77.45759617951764
56767.495637000 77.45759617951764
56767.500271000 77.45759617951764
56767.505749000 77.45759617951764
56767.510270000 77.45759617951764
56767.515236000 77.45759617951764
56767.520864000 77.4475617831574
56767.525747000 77.4475617831574
56767.530728000 77.4475617831574
56767.535408000 77.43752655980231
56767.540254000 77.4274905095804
56767.545835000 77.4274905095804
56767.553507000 77.4274905095804
56767.556792000 77.4274905095804
56767.560231000 77.4274905095804
56767.565863000 77.4274905095804
56767.571458000 77.4274905095804
56767.575196000 77.4274905095804
56767.580204000 77.4274905095804
56767.587249000 77.4274905095804
56767.590794000 77.4274905095804
56767.595463000 77.4274905095804
56767.600208000 77.43752655980231
56767.605311000 77.43752655980231
56767.610200000 77.43752655980231
56767.615322000 77.43752655980231
56767.620848000 77.43752655980231
56767.625987000 77.43752655980231
56767.630834000 77.43752655980231
56767.635373000 77.43752655980231
56767.640199000 77.43752655980231
56767.646047000 77.43752655980231
56767.653687000 77.43752655980231
56767.656789000 77.43752655980231
56767.660192000 77.43752655980231
56767.666203000 77.43752655980231
56767.671634000 77.43752655980231
56767.675194000 77.43752655980231
56767.680316000 77.43752655980231
56767.685627000 77.4475617831574
56767.690196000 77.43752655980231
56767.695287000 77.43752655980231
56767.703047000 77.43752655980231
56767.706790000 77.4475617831574
56767.710234000 77.46762974875507
56767.715373000 77.53784156323057
56767.721121000 77.60801279854198
56767.725789000 77.60801279854198
56767.730453000 77.58796801745582
56767.735284000 77.5478685108796
56767.740196000 77.52781378743528
56767.745761000 77.51778518362164
56767.753019000 77.52781378743528
56767.756782000 77.5478685108796
56767.760414000 77.5478685108796
56767.765829000 77.53784156323057
56767.770541000 77.52781378743528
56767.775196000 77.52781378743528
56767.780237000 77.52781378743528
56767.787094000 77.53784156323057
56767.790787000 77.53784156323057
56767.795627000 77.52781378743528
56767.800207000 77.48769440534964
56767.805234000 77.52781378743528
56767.810196000 77.6981732611305
56767.815218000 77.85829243016668
56767.821504000 77.89828895351128
56767.825869000 77.77825944444709
56767.830477000 77.67814341083647
56767.835452000 77.6981732611305
56767.840199000 77.95825875367827
56767.845978000 78.33736953969438
56767.853314000 78.59606405209446
56767.856830000 78.67554800369646
56767.860190000 78.67554800369646
56767.865722000 78.72519809123243
56767.870878000 78.76490298280757
56767.875195000 78.80459437364627
56767.880692000 78.77482709652773
56767.887090000 78.68547970702312
56767.890856000 78.6258768497506
56767.895283000 78.59606405209446
56767.901029000 78.60600249312486
56767.905218000 78.61594009238583
56767.910241000 78.6258768497506
56767.915198000 78.6258768497506
56767.920512000 78.6258768497506
56767.925830000 78.6258768497506
56767.930747000 78.61594009238583
56767.935400000 78.61594009238583
56767.940200000 78.61594009238583
56767.945959000 78.61594009238583
56767.953368000 78.61594009238583
56767.956786000 78.61594009238583
56767.961344000 78.61594009238583
56767.966235000 78.61594009238583
56767.970823000 78.61594009238583
56767.975201000 78.61594009238583
56767.980204000 78.61594009238583
56767.985851000 78.61594009238583
56767.990375000 78.61594009238583
56767.995198000 78.61594009238583
56768.003114000 78.61594009238583
56768.006828000 78.61594009238583
56768.010213000 78.61594009238583
56768.015889000 78.61594009238583
56768.021097000 78.60600249312486
56768.026013000 78.60600249312486
56768.030664000 78.61594009238583
56768.035248000 78.61594009238583
56768.040201000 78.6258768497506
56768.046029000 78.61594009238583
56768.050475000 78.61594009238583
56768.056794000 78.61594009238583
56768.060193000 78.61594009238583
56768.065701000 78.61594009238583
56768.070427000 78.60600249312486
56768.075224000 78.60600249312486
56768.080217000 78.59606405209446
56768.086982000 78.60600249312486
56768.090791000 78.61594009238583
56768.095217000 78.61594009238583
56768.100204000 78.61594009238583
56768.105367000 78.61594009238583
56768.110201000 78.61594009238583
56768.115437000 78.6258768497506
56768.121449000 78.6258768497506
56768.125796000 78.61594009238583
56768.130490000 78.60600249312486
56768.135238000 78.61594009238583
56768.140200000 78.6258768497506
56768.145841000 78.64574783828468
56768.153323000 78.65568206920055
56768.156790000 78.66561545771337
56768.160196000 78.66561545771337
56768.165933000 78.67554800369646
56768.171116000 78.66561545771337
56768.175204000 78.64574783828468
56768.180210000 78.61594009238583
56768.187098000 78.59606405209446
56768.190790000 78.59606405209446
56768.195475000 78.58612476942137
56768.200531000 78.58612476942137
56768.205347000 78.58612476942137
56768.210204000 78.59606405209446
56768.215210000 78.58612476942137
56768.220528000 78.58612476942137
56768.225714000 78.59606405209446
56768.230612000 78.59606405209446
56768.235307000 78.59606405209446
56768.240210000 78.58612476942137
56768.245848000 78.58612476942137
56768.250960000 78.58612476942137
56768.255346000 78.58612476942137
56768.260196000 78.58612476942137
56768.265749000 78.59606405209446
56768.271385000 78.59606405209446
56768.275227000 78.58612476942137
56768.280348000 78.58612476942137
56768.287045000 78.58612476942137
56768.290789000 78.58612476942137
56768.295213000 78.57618464523236
56768.300354000 78.58612476942137
56768.306155000 78.58612476942137
56768.310206000 78.59606405209446
56768.315247000 78.61594009238583
56768.320800000 78.6258768497506
56768.325936000 78.63581276509245
56768.331054000 78.63581276509245
56768.335378000 78.63581276509245
56768.340207000 78.79467279207363
56768.346036000 79.05235918591715
56768.350217000 79.14142495971204
56768.355340000 79.00284853340742
56768.360837000 78.8244350037583
56768.366356000 78.70534058520053
56768.370483000 78.72519809123243
56768.375202000 78.72519809123243
56768.380224000 78.72519809123243
56768.385466000 78.71526975979799
56768.390205000 78.7351255793772
56768.395395000 78.76490298280757
56768.403169000 78.81451511091667
56768.406821000 78.8244350037583
56768.410198000 78.79467279207363
56768.415828000 78.75497802529136
56768.421062000 78.74505222410572
56768.425856000 78.75497802529136
56768.430658000 78.74505222410572
56768.435350000 78.72519809123243
56768.440203000 78.69541056756671
56768.445871000 78.67554800369646
56768.453468000 78.67554800369646
56768.456795000 78.70534058520053
56768.460678000 78.72519809123243
56768.465813000 78.74505222410572
56768.470532000 78.7351255793772
56768.475208000 78.71526975979799
56768.480209000 78.76490298280757
56768.486916000 78.92358746076266
56768.490277000 79.01275235807613
56768.495704000 79.1018486518719
56768.500213000 79.11174400128755
56768.505689000 79.08205540888666
56768.510201000 79.02265533578773
56768.515255000 78.91367601916558
56768.520338000 78.75497802529136
56768.525847000 78.61594009238583
56768.530197000 78.6258768497506
56768.535294000 78.70534058520053
56768.540203000 78.75497802529136
56768.545907000 78.69541056756671
56768.550488000 78.64574783828468
56768.555275000 78.63581276509245
56768.560707000 78.6258768497506
56768.565948000 78.51652623536398
56768.571250000 78.36724787169825
56768.575198000 78.29752002747556
56768.580205000 78.357289266252
56768.586980000 78.36724787169825
56768.590789000 78.29752002747556
56768.595435000 78.19783761626783
56768.600651000 78.1778910911921
56768.605335000 78.18786477194826
56768.610202000 78.14796503157635
56768.615205000 78.04815718352674
56768.620684000 77.95825875367827
56768.625703000 77.90828600280786
56768.630750000 77.90828600280786
56768.635326000 77.91828221923357
56768.640229000 77.91828221923357
56768.645768000 77.91828221923357
56768.653372000 77.92827760266096
56768.656797000 77.92827760266096
56768.661298000 77.9382721529625
56768.666089000 77.92827760266096
56768.671402000 77.92827760266096
56768.675250000 77.92827760266096
56768.680299000 77.92827760266096
56768.686024000 77.92827760266096
56768.690227000 77.9382721529625
56768.695206000 77.9382721529625
56768.703067000 77.9382721529625
56768.706806000 77.9382721529625
56768.710204000 77.9382721529625
56768.715841000 77.94826587001076
56768.721059000 77.9382721529625
56768.725994000 77.94826587001076
56768.730202000 77.94826587001076
56768.735248000 77.95825875367827
56768.740208000 77.96825080383759
56768.746047000 77.96825080383759
56768.751482000 77.96825080383759
56768.755395000 77.96825080383759
56768.760203000 77.95825875367827
56768.766339000 77.96825080383759
56768.770488000 77.96825080383759
56768.775209000 77.98823240312188
56768.780415000 78.01819854755125
56768.787056000 78.07810830760951
56768.790793000 78.10805191636165
56768.795239000 78.13798800634608
56768.800271000 78.15794122087893
56768.805242000 78.1679165741266
56768.810207000 78.15794122087893
56768.815371000 78.28755555451544
56768.820696000 78.60600249312486
56768.825740000 79.11174400128755
56768.830693000 79.58572094429039
56768.835368000 80.05772966635377
56768.840233000 80.36151608460281
56768.845876000 80.47888807823234
56768.850325000 80.47888807823234
56768.855326000 80.47888807823234
56768.860202000 80.46911183689889
56768.865845000 80.41043621710531
56768.870568000 80.36151608460281
56768.875208000 80.32236442298942
56768.880270000 80.36151608460281
56768.886927000 80.47888807823234
56768.890245000 80.52775629756643
56768.895475000 80.55706683481301
56768.900305000 80.5668352807552
56768.905269000 80.5668352807552
56768.910210000 80.5668352807552
56768.915777000 80.55706683481301
56768.920452000 80.5668352807552
56768.925801000 80.60590039550155
56768.930740000 80.68398898778307
56768.935405000 80.78152157621051
56768.940217000 80.83025527135733
56768.945945000 80.84974265932512
56768.950745000 80.84974265932512
56768.955271000 80.8594850477924
56768.960213000 80.84974265932512
56768.965756000 80.8594850477924
56768.971355000 80.8594850477924
56768.975230000 80.88870698963679
56768.980222000 80.88870698963679
56768.986961000 80.89844589531832
56768.990220000 80.89844589531832
56768.995226000 80.88870698963679
56769.000912000 80.88870698963679
56769.005569000 80.87896721307246
56769.010251000 80.8594850477924
56769.015245000 80.82051027210538
56769.020845000 80.77177222813663
56769.025739000 80.73276614317058
56769.030907000 80.7132578868265
56769.035527000 80.70350245562457
56769.040236000 80.70350245562457
56769.045937000 80.7132578868265
56769.051161000 80.7132578868265
56769.055215000 80.7230124493833
56769.060217000 80.73276614317058
56769.066272000 80.76202201067132
56769.070582000 80.78152157621051
56769.075237000 80.81076440284039
56769.080225000 80.82051027210538
56769.086516000 80.82051027210538
56769.090220000 80.82051027210538
56769.095894000 80.81076440284039
56769.100249000 80.81076440284039
56769.105561000 80.81076440284039
56769.110230000 80.82051027210538
56769.115402000 80.83999940047202
56769.120544000 80.8594850477924
56769.126024000 80.8594850477924
56769.130212000 80.8594850477924
56769.135429000 80.84974265932512
56769.140216000 80.8594850477924
56769.146072000 80.8594850477924
56769.150684000 80.8692265657496
56769.155334000 80.8594850477924
56769.160210000 80.8594850477924
56769.166285000 80.84974265932512
56769.170474000 80.8594850477924
56769.175260000 80.8594850477924
56769.180221000 80.8594850477924
56769.186790000 80.84974265932512
56769.190229000 80.84974265932512
56769.195284000 80.83025527135733
56769.200227000 80.81076440284039
56769.205301000 80.79127005476865
56769.210236000 80.76202201067132
56769.215493000 80.74251896806393
56769.221390000 80.76202201067132
56769.225825000 81.02497236234585
56769.230208000 81.41335840836324
56769.235372000 82.08001973943283
56769.240216000 82.89546558362936
56769.245842000 84.11118667265103
56769.250539000 85.20936728676836
56769.255280000 86.3317571525843
56769.260209000 86.62629423720556
56769.266064000 86.7915467671006
56769.270648000 86.47914629422931
56769.275217000 86.39626954997438
56769.280219000 85.91593618831561
56769.286812000 84.80722556094702
56769.290216000 84.35631245264321
56769.295293000 83.78970768261975
56769.300508000 83.52417202881418
56769.305537000 83.34358310181233
56769.310213000 83.32455478061222
56769.315754000 83.35309590918513
56769.320671000 83.38162891693848
56769.325800000 83.41015380059714
56769.330210000 83.41015380059714
56769.335405000 83.42916587470005
56769.340218000 83.44817433566901
56769.345772000 83.4766802503752
56769.351064000 83.50517803007621
56769.355219000 83.52417202881418
56769.360688000 83.54316240957145
56769.366194000 83.55265624290456
56769.370730000 83.56214917137922
56769.375238000 83.5811323132689
56769.380346000 83.5811323132689
56769.387826000 83.59062252644179
56769.390804000 83.59062252644179
56769.395654000 83.5811323132689
56769.402087000 83.5811323132689
56769.406399000 83.56214917137922
56769.410256000 83.56214917137922
56769.415238000 83.54316240957145
56769.420727000 83.52417202881418
56769.425891000 83.50517803007621
56769.430214000 83.49567967426727
56769.435298000 83.48618041432655
56769.440222000 83.48618041432655
56769.446041000 83.48618041432655
56769.451237000 83.49567967426727
56769.455438000 83.49567967426727
56769.460214000 83.49567967426727
56769.466382000 83.50517803007621
56769.470232000 83.51467548163221
56769.475219000 83.52417202881418
56769.480225000 83.54316240957145
56769.485429000 83.56214917137922
56769.490224000 83.5811323132689
56769.495219000 83.60011183427203
56769.500268000 83.60960023663854
56769.506870000 83.61908773342034
56769.510216000 83.61908773342034
56769.515662000 83.62857432449644
56769.521146000 83.61908773342034
56769.526010000 83.61908773342034
56769.530214000 83.61908773342034
56769.535283000 83.60011183427203
56769.540220000 83.59062252644179
56769.545973000 83.5811323132689
56769.550488000 83.57164119487436
56769.555292000 83.55265624290456
56769.560221000 83.54316240957145
56769.565758000 83.53366767150096
56769.570497000 83.53366767150096
56769.575227000 83.54316240957145
56769.580234000 83.54316240957145
56769.586807000 83.54316240957145
56769.590219000 83.54316240957145
56769.595650000 83.54316240957145
56769.600232000 83.55265624290456
56769.606595000 83.55265624290456
56769.610292000 83.56214917137922
56769.615226000 83.57164119487436
56769.621223000 83.59062252644179
56769.625807000 83.60011183427203
56769.630213000 83.60011183427203
56769.635291000 83.60960023663854
56769.640275000 83.60011183427203
56769.645864000 83.60011183427203
56769.650480000 83.59062252644179
56769.655279000 83.5811323132689
56769.660215000 83.5811323132689
56769.665892000 83.57164119487436
56769.670593000 83.57164119487436
56769.675222000 83.56214917137922
56769.680224000 83.57164119487436
56769.686847000 83.57164119487436
56769.690223000 83.5811323132689
56769.695299000 83.59062252644179
56769.700622000 83.59062252644179
56769.705562000 83.60960023663854
56769.710220000 83.60960023663854
56769.715633000 83.61908773342034
56769.720609000 83.61908773342034
56769.725764000 83.62857432449644
56769.730756000 83.63806000974581
56769.735296000 83.63806000974581
56769.740279000 83.62857432449644
56769.745794000 83.62857432449644
56769.751055000 83.61908773342034
56769.755228000 83.61908773342034
56769.761181000 83.60960023663854
56769.766010000 83.60960023663854
56769.770654000 83.60011183427203
56769.775278000 83.60011183427203
56769.780232000 83.60011183427203
56769.787045000 83.59062252644179
56769.790805000 83.5811323132689
56769.795293000 83.57164119487436
56769.800449000 83.56214917137922
56769.805325000 83.56214917137922
56769.810224000 83.56214917137922
56769.815911000 83.56214917137922
56769.820840000 83.55265624290456
56769.826000000 83.55265624290456
56769.830215000 83.55265624290456
56769.835465000 83.56214917137922
56769.840224000 83.56214917137922
56769.846054000 83.55265624290456
56769.851349000 83.55265624290456
56769.855440000 83.55265624290456
56769.860216000 83.55265624290456
56769.866554000 83.55265624290456
56769.870228000 83.56214917137922
56769.875223000 83.55265624290456
56769.880229000 83.55265624290456
56769.886711000 83.54316240957145
56769.890221000 83.55265624290456
56769.895229000 83.5811323132689
56769.900297000 83.67599369005683
56769.905235000 83.77076442370532
56769.910223000 83.84651566633558
56769.915390000 83.85598048420378
56769.921345000 83.84651566633558
56769.925857000 83.85598048420378
56769.930737000 83.87490739363842
56769.935328000 83.88436948496347
56769.940220000 83.90329094022562
56769.945835000 83.91275030392141
56769.950293000 83.92220875816614
56769.955260000 83.9316663028392
56769.960721000 83.9316663028392
56769.966670000 83.94112293781993
56769.970356000 83.9316663028392
56769.975271000 83.94112293781993
56769.980283000 83.9316663028392
56769.986780000 83.9316663028392
56769.990291000 83.92220875816614
56769.995399000 83.92220875816614
56770.000256000 83.91275030392141
56770.005471000 83.90329094022562
56770.010269000 83.90329094022562
56770.015646000 83.90329094022562
56770.021265000 83.90329094022562
56770.025908000 83.90329094022562
56770.030772000 83.89383066719942
56770.035299000 83.89383066719942
56770.040241000 83.88436948496347
56770.045864000 83.88436948496347
56770.050630000 83.87490739363842
56770.055229000 83.87490739363842
56770.061166000 83.87490739363842
56770.066102000 83.87490739363842
56770.070602000 83.87490739363842
56770.075242000 83.87490739363842
56770.080234000 83.87490739363842
56770.086804000 83.87490739363842
56770.090228000 83.88436948496347
56770.095233000 83.89383066719942
56770.100718000 83.89383066719942
56770.105430000 83.91275030392141
56770.110230000 83.91275030392141
56770.115662000 83.91275030392141
56770.120721000 83.91275030392141
56770.125767000 83.91275030392141
56770.130861000 83.91275030392141
56770.135432000 83.90329094022562
56770.140261000 83.90329094022562
56770.145856000 83.90329094022562
56770.151260000 83.90329094022562
56770.155237000 83.90329094022562
56770.161335000 83.89383066719942
56770.166522000 83.88436948496347
56770.170230000 83.89383066719942
56770.175285000 83.90329094022562
56770.180235000 83.90329094022562
56770.185826000 83.90329094022562
56770.190221000 83.91275030392141
56770.195281000 83.91275030392141
56770.202961000 83.91275030392141
56770.206251000 83.90329094022562
56770.210285000 83.90329094022562
56770.215729000 83.90329094022562
56770.220933000 83.90329094022562
56770.226019000 83.89383066719942
56770.230219000 83.89383066719942
56770.235313000 83.89383066719942
56770.240227000 83.89383066719942
56770.246050000 83.89383066719942
56770.250254000 83.89383066719942
56770.255222000 83.89383066719942
56770.260694000 83.90329094022562
56770.266527000 83.90329094022562
56770.270230000 83.91275030392141
56770.275243000 83.91275030392141
56770.280230000 83.90329094022562
56770.286639000 83.90329094022562
56770.290230000 83.90329094022562
56770.295442000 83.91275030392141
56770.300262000 83.90329094022562
56770.305595000 83.90329094022562
56770.310232000 83.90329094022562
56770.315450000 83.90329094022562
56770.320781000 83.90329094022562
56770.325777000 83.89383066719942
56770.330692000 83.89383066719942
56770.335287000 83.90329094022562
56770.340224000 83.90329094022562
56770.345784000 83.90329094022562
56770.353064000 83.90329094022562
56770.356814000 83.89383066719942
56770.360706000 83.89383066719942
56770.366082000 83.90329094022562
56770.370355000 83.90329094022562
56770.375224000 83.90329094022562
56770.380263000 83.90329094022562
56770.386667000 83.89383066719942
56770.390229000 83.89383066719942
56770.395241000 83.89383066719942
56770.400485000 83.90329094022562
56770.405483000 83.90329094022562
56770.410225000 83.90329094022562
56770.415535000 83.89383066719942
56770.420514000 83.89383066719942
56770.425887000 83.90329094022562
56770.430222000 83.90329094022562
56770.435506000 83.90329094022562
56770.440229000 83.89383066719942
56770.446018000 83.89383066719942
56770.451062000 83.89383066719942
56770.455226000 83.89383066719942
56770.460220000 83.89383066719942
56770.466633000 83.89383066719942
56770.470370000 83.89383066719942
56770.475227000 83.89383066719942
56770.480287000 83.88436948496347
56770.486069000 83.89383066719942
56770.490234000 83.89383066719942
56770.495509000 83.89383066719942
56770.500411000 83.90329094022562
56770.505375000 83.90329094022562
56770.510280000 83.91275030392141
56770.515795000 83.90329094022562
56770.520841000 83.90329094022562
56770.525854000 83.90329094022562
56770.530978000 83.90329094022562
56770.535514000 83.90329094022562
56770.540229000 83.90329094022562
56770.545994000 83.90329094022562
56770.553407000 83.89383066719942
56770.556814000 83.90329094022562
56770.560217000 83.90329094022562
56770.567468000 83.90329094022562
56770.570809000 83.90329094022562
56770.575314000 83.90329094022562
56770.580228000 83.90329094022562
56770.586072000 83.90329094022562
56770.590225000 83.90329094022562
56770.595236000 83.90329094022562
56770.600305000 83.90329094022562
56770.605323000 83.90329094022562
56770.610223000 83.90329094022562
56770.615956000 83.90329094022562
56770.620498000 83.90329094022562
56770.626037000 83.90329094022562
56770.630217000 83.90329094022562
56770.635255000 83.90329094022562
56770.640227000 83.90329094022562
56770.646056000 83.90329094022562
56770.650253000 83.90329094022562
56770.655227000 83.90329094022562
56770.660662000 83.90329094022562
56770.666386000 83.90329094022562
56770.670297000 83.90329094022562
56770.675228000 83.90329094022562
56770.680227000 83.90329094022562
56770.685731000 83.89383066719942
56770.690225000 83.90329094022562
56770.695272000 83.90329094022562
56770.700327000 83.90329094022562
56770.705469000 83.90329094022562
56770.710222000 83.90329094022562
56770.715488000 83.90329094022562
56770.721276000 83.90329094022562
56770.725784000 83.90329094022562
56770.730758000 83.90329094022562
56770.735426000 83.90329094022562
56770.740223000 83.89383066719942
56770.745867000 83.89383066719942
56770.753094000 83.89383066719942
56770.756819000 83.90329094022562
56770.760225000 83.90329094022562
56770.766044000 83.90329094022562
56770.770467000 83.89383066719942
56770.775233000 83.89383066719942
56770.780277000 83.89383066719942
56770.786656000 83.89383066719942
56770.790229000 83.90329094022562
56770.795230000 83.90329094022562
56770.800464000 83.90329094022562
56770.805430000 83.90329094022562
56770.810231000 83.91275030392141
56770.815506000 83.90329094022562
56770.820520000 83.90329094022562
56770.825730000 83.89383066719942
56770.830696000 83.90329094022562
56770.835540000 83.90329094022562
56770.840231000 83.90329094022562
56770.845866000 83.90329094022562
56770.851139000 83.90329094022562
56770.855230000 83.90329094022562
56770.861178000 83.90329094022562
56770.867191000 83.90329094022562
56770.870817000 83.90329094022562
56770.875234000 83.90329094022562
56770.880257000 83.90329094022562
56770.886217000 83.90329094022562
56770.890237000 83.90329094022562
56770.895569000 83.90329094022562
56770.900434000 83.90329094022562
56770.905382000 83.90329094022562
56770.910315000 83.90329094022562
56770.915885000 83.90329094022562
56770.920758000 83.89383066719942
56770.925953000 83.89383066719942
56770.930226000 83.89383066719942
56770.935391000 83.89383066719942
56770.940234000 83.90329094022562
56770.946042000 83.90329094022562
56770.951317000 83.90329094022562
56770.955441000 83.90329094022562
56770.960224000 83.90329094022562
56770.967148000 83.89383066719942
56770.970887000 83.90329094022562
56770.975233000 83.89383066719942
56770.980234000 83.90329094022562
56770.986562000 83.90329094022562
56770.990230000 83.90329094022562
56770.995253000 83.90329094022562
56771.000343000 83.89383066719942
56771.005334000 83.89383066719942
56771.010227000 83.90329094022562
56771.015998000 83.90329094022562
56771.020513000 83.90329094022562
56771.025930000 83.90329094022562
56771.030724000 83.90329094022562
56771.035316000 83.89383066719942
56771.040228000 83.89383066719942
56771.045913000 83.89383066719942
56771.050479000 83.90329094022562
56771.055239000 83.90329094022562
56771.060724000 83.90329094022562
56771.066638000 83.90329094022562
56771.070321000 83.91275030392141
56771.075233000 83.90329094022562
56771.080233000 83.90329094022562
56771.086661000 83.90329094022562
56771.090275000 83.90329094022562
56771.095312000 83.90329094022562
56771.100523000 83.90329094022562
56771.105354000 83.90329094022562
56771.110284000 83.90329094022562
56771.115463000 83.90329094022562
56771.121098000 83.90329094022562
56771.125854000 83.89383066719942
56771.130275000 83.90329094022562
56771.135292000 83.89383066719942
56771.140230000 83.89383066719942
56771.145932000 83.89383066719942
56771.150612000 83.90329094022562
56771.155238000 83.89383066719942
56771.161173000 83.89383066719942
56771.166083000 83.89383066719942
56771.170445000 83.90329094022562
56771.175231000 83.90329094022562
56771.180235000 83.90329094022562
56771.186744000 83.90329094022562
56771.190233000 83.90329094022562
56771.195574000 83.90329094022562
56771.200379000 83.90329094022562
56771.205352000 83.91275030392141
56771.210230000 83.90329094022562
56771.215568000 83.89383066719942
56771.220543000 83.89383066719942
56771.225864000 83.90329094022562
56771.230843000 83.90329094022562
56771.235340000 83.90329094022562
56771.240237000 83.90329094022562
56771.245766000 83.89383066719942
56771.253179000 83.90329094022562
56771.256818000 83.90329094022562
56771.261186000 83.90329094022562
56771.267257000 83.90329094022562
56771.270819000 83.90329094022562
56771.275265000 83.90329094022562
56771.280305000 83.90329094022562
56771.286094000 83.90329094022562
56771.290233000 83.90329094022562
56771.295319000 83.90329094022562
56771.300315000 83.90329094022562
56771.306090000 83.90329094022562
56771.310235000 83.90329094022562
56771.315799000 83.90329094022562
56771.320842000 83.90329094022562
56771.326014000 83.89383066719942
56771.330227000 83.90329094022562
56771.335314000 83.90329094022562
56771.340680000 83.90329094022562
56771.346051000 83.89383066719942
56771.350474000 83.89383066719942
56771.355228000 83.89383066719942
56771.361214000 83.89383066719942
56771.366624000 83.90329094022562
56771.370238000 83.89383066719942
56771.375230000 83.89383066719942
56771.380235000 83.89383066719942
56771.386526000 83.90329094022562
56771.390226000 83.90329094022562
56771.395346000 83.90329094022562
56771.400285000 83.89383066719942
56771.405342000 83.90329094022562
56771.410229000 83.90329094022562
56771.415735000 83.90329094022562
56771.420766000 83.90329094022562
56771.425779000 83.90329094022562
56771.430877000 83.91275030392141
56771.435397000 83.90329094022562
56771.440229000 83.90329094022562
56771.445863000 83.90329094022562
56771.451067000 83.90329094022562
56771.455238000 83.90329094022562
56771.460830000 83.90329094022562
56771.466232000 83.90329094022562
56771.470325000 83.90329094022562
56771.475227000 83.90329094022562
56771.480286000 83.90329094022562
56771.486586000 83.90329094022562
56771.490238000 83.90329094022562
56771.495585000 83.90329094022562
56771.500444000 83.89383066719942
56771.506128000 83.90329094022562
56771.510231000 83.90329094022562
56771.515387000 83.91275030392141
56771.521012000 83.90329094022562
56771.525811000 83.90329094022562
56771.530743000 83.90329094022562
56771.535421000 83.90329094022562
56771.540228000 83.90329094022562
56771.545942000 83.90329094022562
56771.550811000 83.90329094022562
56771.555232000 83.90329094022562
56771.560604000 83.90329094022562
56771.567122000 83.90329094022562
56771.570952000 83.90329094022562
56771.575238000 83.89383066719942
56771.580523000 83.89383066719942
56771.586799000 83.89383066719942
56771.590233000 83.90329094022562
56771.595233000 83.90329094022562
56771.601074000 83.90329094022562
56771.606239000 83.89383066719942
56771.610386000 83.89383066719942
56771.615615000 83.89383066719942
56771.621104000 83.90329094022562
56771.625751000 83.90329094022562
56771.630925000 83.90329094022562
56771.635451000 83.89383066719942
56771.640233000 83.90329094022562
56771.645938000 83.90329094022562
56771.651209000 83.91275030392141
56771.655290000 83.90329094022562
56771.661210000 83.90329094022562
56771.667472000 83.90329094022562
56771.670818000 83.90329094022562
56771.675257000 83.90329094022562
56771.680562000 83.89383066719942
56771.686792000 83.90329094022562
56771.690231000 83.90329094022562
56771.695238000 83.90329094022562
56771.700264000 83.90329094022562
56771.705296000 83.90329094022562
56771.710232000 83.90329094022562
56771.715864000 83.90329094022562
56771.721091000 83.90329094022562
56771.726020000 83.89383066719942
56771.730228000 83.89383066719942
56771.735421000 83.89383066719942
56771.740231000 83.89383066719942
56771.746090000 83.90329094022562
56771.750260000 83.90329094022562
56771.755235000 83.90329094022562
56771.760594000 83.90329094022562
56771.766666000 83.90329094022562
56771.770306000 83.90329094022562
56771.775275000 83.90329094022562
56771.780241000 83.90329094022562
56771.786464000 83.90329094022562
56771.790232000 83.89383066719942
56771.795252000 83.90329094022562
56771.800280000 83.90329094022562
56771.805291000 83.90329094022562
56771.810238000 83.90329094022562
56771.815351000 83.90329094022562
56771.821133000 83.90329094022562
56771.825858000 83.90329094022562
56771.830230000 83.90329094022562
56771.835379000 83.90329094022562
56771.840284000 83.90329094022562
