54475.081892000 84.97577169729146
54475.085529000 84.97577169729146
54475.089312000 84.97577169729146
54475.094245000 84.97577169729146
54475.100368000 84.97577169729146
54475.104248000 84.97577169729146
54475.109245000 84.97577169729146
54475.115235000 84.97577169729146
54475.120216000 84.97577169729146
54475.124704000 84.97577169729146
54475.129428000 84.97577169729146
54475.134244000 84.97577169729146
54475.140120000 84.97577169729146
54475.145018000 84.97577169729146
54475.149634000 84.96641586219795
54475.154248000 84.97577169729146
54475.160137000 84.97577169729146
54475.165839000 84.97577169729146
54475.169495000 84.97577169729146
54475.174244000 84.97577169729146
54475.183185000 84.97577169729146
54475.186495000 84.97577169729146
54475.189497000 84.97577169729146
54475.194452000 84.97577169729146
54475.199405000 84.97577169729146
54475.204244000 84.97577169729146
54475.209246000 84.97577169729146
54475.215936000 84.97577169729146
54475.220404000 84.97577169729146
54475.224516000 84.96641586219795
54475.229593000 84.96641586219795
54475.234242000 84.97577169729146
54475.240519000 84.97577169729146
54475.245323000 84.97577169729146
54475.249315000 84.97577169729146
54475.254248000 84.97577169729146
54475.260655000 84.97577169729146
54475.266180000 84.97577169729146
54475.269488000 84.97577169729146
54475.274243000 84.97577169729146
54475.282931000 84.97577169729146
54475.286819000 84.97577169729146
54475.290681000 84.97577169729146
54475.294296000 84.97577169729146
54475.299280000 84.97577169729146
54475.304286000 84.97577169729146
54475.309325000 84.97577169729146
54475.315144000 84.97577169729146
54475.319312000 84.97577169729146
54475.324312000 84.97577169729146
54475.329320000 84.97577169729146
54475.334276000 84.97577169729146
54475.340272000 84.97577169729146
54475.346929000 84.97577169729146
54475.350527000 84.97577169729146
54475.354268000 84.97577169729146
54475.359291000 84.97577169729146
54475.364343000 84.97577169729146
54475.369265000 84.98512660937628
54475.374262000 84.98512660937628
54475.379330000 84.97577169729146
54475.384432000 84.97577169729146
54475.389428000 84.96641586219795
54475.394245000 84.96641586219795
54475.399612000 84.96641586219795
54475.404255000 84.96641586219795
54475.409250000 84.96641586219795
54475.415533000 84.97577169729146
54475.419297000 84.97577169729146
54475.424250000 84.97577169729146
54475.429274000 84.97577169729146
54475.434280000 84.97577169729146
54475.440455000 84.97577169729146
54475.444903000 84.98512660937628
54475.449527000 84.98512660937628
54475.454264000 84.98512660937628
54475.460264000 84.98512660937628
54475.465597000 84.97577169729146
54475.469258000 84.97577169729146
54475.474296000 84.97577169729146
54475.483035000 84.97577169729146
54475.487176000 84.97577169729146
54475.490706000 84.97577169729146
54475.494508000 84.98512660937628
54475.499493000 84.98512660937628
54475.504237000 84.98512660937628
54475.509278000 84.97577169729146
54475.515828000 84.97577169729146
54475.520209000 84.97577169729146
54475.524283000 84.97577169729146
54475.529465000 84.97577169729146
54475.534236000 84.97577169729146
54475.540133000 84.98512660937628
54475.545032000 84.97577169729146
54475.549618000 84.97577169729146
54475.554238000 84.98512660937628
54475.560476000 84.98512660937628
54475.564484000 84.98512660937628
54475.569237000 84.97577169729146
54475.574236000 84.97577169729146
54475.583071000 84.97577169729146
54475.587428000 84.97577169729146
54475.590567000 84.97577169729146
54475.594406000 84.97577169729146
54475.599237000 84.97577169729146
54475.604236000 84.97577169729146
54475.609246000 84.97577169729146
54475.614521000 84.97577169729146
54475.620381000 84.97577169729146
54475.624644000 84.96641586219795
54475.629944000 84.96641586219795
54475.634232000 84.96641586219795
54475.640352000 84.97577169729146
54475.644956000 84.97577169729146
54475.649310000 84.97577169729146
54475.654289000 84.97577169729146
54475.660577000 84.97577169729146
54475.664796000 84.97577169729146
54475.669240000 84.97577169729146
54475.674232000 84.97577169729146
54475.683699000 84.97577169729146
54475.688203000 84.97577169729146
54475.691478000 84.96641586219795
54475.694520000 84.97577169729146
54475.699831000 84.97577169729146
54475.704218000 84.97577169729146
54475.709219000 84.97577169729146
54475.715780000 84.97577169729146
54475.720197000 84.97577169729146
54475.724376000 84.97577169729146
54475.729356000 84.97577169729146
54475.734212000 84.97577169729146
54475.740286000 84.97577169729146
54475.745230000 84.97577169729146
54475.749677000 84.97577169729146
54475.754218000 84.97577169729146
54475.759223000 84.97577169729146
54475.764372000 84.97577169729146
54475.769215000 84.97577169729146
54475.774214000 84.97577169729146
54475.782119000 84.97577169729146
54475.785464000 84.98512660937628
54475.790226000 84.97577169729146
54475.794206000 84.97577169729146
54475.799273000 84.97577169729146
54475.804226000 84.97577169729146
54475.809214000 84.97577169729146
54475.815531000 84.97577169729146
54475.819233000 84.97577169729146
54475.824208000 84.97577169729146
54475.829530000 84.97577169729146
54475.834644000 84.97577169729146
54475.840046000 84.97577169729146
54475.844950000 84.97577169729146
54475.849683000 84.97577169729146
54475.854218000 84.97577169729146
54475.860114000 84.98512660937628
54475.865754000 84.98512660937628
54475.869459000 84.97577169729146
54475.874217000 84.97577169729146
54475.881020000 84.97577169729146
54475.884470000 84.97577169729146
54475.889207000 84.97577169729146
54475.894586000 84.97577169729146
54475.899447000 84.98512660937628
54475.904194000 84.97577169729146
54475.909191000 84.97577169729146
54475.915220000 84.97577169729146
54475.920226000 84.97577169729146
54475.924750000 84.97577169729146
54475.929362000 84.97577169729146
54475.934191000 84.97577169729146
54475.940226000 84.97577169729146
54475.945217000 84.97577169729146
54475.949224000 84.97577169729146
54475.954197000 84.97577169729146
54475.960569000 84.97577169729146
54475.964423000 84.97577169729146
54475.969197000 84.97577169729146
54475.974195000 84.97577169729146
54475.983066000 84.97577169729146
54475.986447000 84.97577169729146
54475.989794000 84.97577169729146
54475.994187000 84.97577169729146
54475.999220000 84.97577169729146
54476.004193000 84.97577169729146
54476.009199000 84.97577169729146
54476.016105000 84.97577169729146
54476.020348000 84.97577169729146
54476.024829000 84.97577169729146
54476.029237000 84.97577169729146
54476.034203000 84.97577169729146
54476.040415000 84.97577169729146
54476.048253000 84.96641586219795
54476.051437000 84.97577169729146
54476.054517000 84.97577169729146
54476.060155000 84.97577169729146
54476.065680000 84.97577169729146
54476.069436000 84.97577169729146
54476.074189000 84.97577169729146
54476.081183000 84.97577169729146
54476.084561000 84.98512660937628
54476.089197000 84.98512660937628
54476.094661000 84.98512660937628
54476.099219000 84.97577169729146
54476.104179000 84.97577169729146
54476.109322000 84.98512660937628
54476.115725000 84.97577169729146
54476.120147000 84.97577169729146
54476.124449000 84.97577169729146
54476.129227000 84.97577169729146
54476.134176000 84.97577169729146
54476.140431000 84.97577169729146
54476.148422000 84.97577169729146
54476.151426000 84.97577169729146
54476.154902000 84.97577169729146
54476.160424000 84.97577169729146
54476.164466000 84.97577169729146
54476.169177000 84.97577169729146
54476.174546000 84.98512660937628
54476.179417000 84.97577169729146
54476.184213000 84.98512660937628
54476.189212000 84.98512660937628
54476.194690000 84.98512660937628
54476.199284000 84.98512660937628
54476.204190000 84.98512660937628
54476.209179000 84.98512660937628
54476.215022000 84.98512660937628
54476.220153000 84.97577169729146
54476.224709000 84.97577169729146
54476.229489000 84.96641586219795
54476.234499000 84.97577169729146
54476.240638000 84.97577169729146
54476.245090000 84.97577169729146
54476.249691000 84.97577169729146
54476.254182000 84.97577169729146
54476.260077000 84.97577169729146
54476.265841000 84.97577169729146
54476.269486000 84.97577169729146
54476.274176000 84.97577169729146
54476.282949000 84.97577169729146
54476.286505000 84.96641586219795
54476.289816000 84.96641586219795
54476.294701000 84.97577169729146
54476.299177000 84.97577169729146
54476.304165000 84.97577169729146
54476.309163000 84.97577169729146
54476.315779000 84.97577169729146
54476.320257000 84.97577169729146
54476.325063000 84.97577169729146
54476.329442000 84.97577169729146
54476.334162000 84.97577169729146
54476.340269000 84.98512660937628
54476.345241000 84.97577169729146
54476.349211000 84.97577169729146
54476.354169000 84.97577169729146
54476.360325000 84.97577169729146
54476.364553000 84.97577169729146
54476.369194000 84.97577169729146
54476.374164000 84.97577169729146
54476.382791000 84.97577169729146
54476.386416000 84.97577169729146
54476.389706000 84.97577169729146
54476.394571000 84.97577169729146
54476.399178000 84.97577169729146
54476.404178000 84.97577169729146
54476.409220000 84.97577169729146
54476.415875000 84.97577169729146
54476.420362000 84.97577169729146
54476.424568000 84.97577169729146
54476.429362000 84.97577169729146
54476.434167000 84.97577169729146
54476.440252000 84.96641586219795
54476.448297000 84.97577169729146
54476.451411000 84.97577169729146
54476.454754000 84.97577169729146
54476.460307000 84.97577169729146
54476.465824000 84.97577169729146
54476.469448000 84.97577169729146
54476.474163000 84.97577169729146
54476.481255000 84.96641586219795
54476.484466000 84.96641586219795
54476.489168000 84.96641586219795
54476.494380000 84.97577169729146
54476.499438000 84.97577169729146
54476.504151000 84.97577169729146
54476.509154000 84.97577169729146
54476.515009000 84.97577169729146
54476.519195000 84.97577169729146
54476.524149000 84.98512660937628
54476.529208000 84.97577169729146
54476.534156000 84.98512660937628
54476.540272000 84.98512660937628
54476.544260000 84.98512660937628
54476.549155000 84.97577169729146
54476.554573000 84.97577169729146
54476.560386000 84.97577169729146
54476.564557000 84.98512660937628
54476.569149000 84.98512660937628
54476.574148000 84.97577169729146
54476.579547000 84.97577169729146
54476.584171000 84.97577169729146
54476.589644000 84.97577169729146
54476.594264000 84.97577169729146
54476.599326000 84.97577169729146
54476.604152000 84.98512660937628
54476.609152000 84.98512660937628
54476.614960000 84.98512660937628
54476.619193000 84.98512660937628
54476.624147000 84.97577169729146
54476.629272000 84.96641586219795
54476.634447000 84.97577169729146
54476.640415000 84.98512660937628
54476.645188000 84.98512660937628
54476.649645000 84.97577169729146
54476.654153000 84.97577169729146
54476.660080000 84.97577169729146
54476.664186000 84.97577169729146
54476.669152000 84.97577169729146
54476.674171000 84.97577169729146
54476.683053000 84.98512660937628
54476.686400000 84.98512660937628
54476.689451000 84.98512660937628
54476.694139000 84.98512660937628
54476.700079000 84.97577169729146
54476.704136000 84.97577169729146
54476.709134000 84.97577169729146
54476.715854000 84.97577169729146
54476.720297000 84.97577169729146
54476.724643000 84.97577169729146
54476.729213000 84.97577169729146
54476.734133000 84.96641586219795
54476.740416000 84.97577169729146
54476.745265000 84.96641586219795
54476.749737000 84.97577169729146
54476.754133000 84.97577169729146
54476.760294000 84.97577169729146
54476.764624000 84.97577169729146
54476.769135000 84.97577169729146
54476.774144000 84.97577169729146
54476.783445000 84.97577169729146
54476.786386000 84.96641586219795
54476.789421000 84.96641586219795
54476.794487000 84.96641586219795
54476.799789000 84.96641586219795
54476.804179000 84.97577169729146
54476.809139000 84.96641586219795
54476.815697000 84.96641586219795
54476.820163000 84.96641586219795
54476.824489000 84.96641586219795
54476.829168000 84.97577169729146
54476.834185000 84.97577169729146
54476.840055000 84.96641586219795
54476.848049000 84.96641586219795
54476.851378000 84.97577169729146
54476.854482000 84.98512660937628
54476.860130000 84.99448059833307
54476.864314000 85.00383366404257
54476.869131000 85.03188732049435
54476.874130000 85.05993266342668
54476.883000000 85.0879696896204
54476.886479000 85.0879696896204
54476.889375000 85.07862493850324
54476.894589000 85.07862493850324
54476.899124000 85.07862493850324
54476.904119000 85.07862493850324
54476.909118000 85.07862493850324
54476.915633000 85.06927926306561
54476.920159000 85.06927926306561
54476.924636000 85.06927926306561
54476.929398000 85.07862493850324
54476.934298000 85.07862493850324
54476.939264000 85.0879696896204
54476.944157000 85.0879696896204
54476.949333000 85.0879696896204
54476.954158000 85.0879696896204
54476.960077000 85.0879696896204
54476.965136000 85.0879696896204
54476.969153000 85.0879696896204
54476.974114000 85.0879696896204
54476.980906000 85.0879696896204
54476.984361000 85.09731351629789
54476.989145000 85.09731351629789
54476.994247000 85.10665641841656
54476.999752000 85.10665641841656
54477.004117000 85.10665641841656
54477.009115000 85.10665641841656
54477.014944000 85.10665641841656
54477.020053000 85.09731351629789
54477.024880000 85.0879696896204
54477.029342000 85.0879696896204
54477.034119000 85.0879696896204
54477.040085000 85.0879696896204
54477.045090000 85.07862493850324
54477.049591000 85.0879696896204
54477.054117000 85.0879696896204
54477.060443000 85.09731351629789
54477.064328000 85.09731351629789
54477.069598000 85.09731351629789
54477.074120000 85.0879696896204
54477.083386000 85.13467957622807
54477.086374000 85.17203083559221
54477.089364000 85.20003456265866
54477.094495000 85.23735990269373
54477.099832000 85.23735990269373
54477.104102000 85.20936728676836
54477.109107000 85.20936728676836
54477.115814000 85.18136633695154
54477.120282000 85.14401877891996
54477.124096000 85.09731351629789
54477.129212000 85.0505851397057
54477.134097000 85.00383366404257
54477.139850000 85.00383366404257
54477.147942000 85.00383366404257
54477.151352000 85.01318580638545
54477.154350000 85.01318580638545
54477.160533000 85.00383366404257
54477.164714000 85.00383366404257
54477.169133000 85.00383366404257
54477.174143000 85.01318580638545
54477.181034000 85.00383366404257
54477.184348000 85.01318580638545
54477.189110000 85.01318580638545
54477.194486000 85.00383366404257
54477.199137000 84.99448059833307
54477.204135000 84.99448059833307
54477.209106000 84.99448059833307
54477.215645000 85.00383366404257
54477.220125000 84.99448059833307
54477.224094000 84.99448059833307
54477.229133000 85.00383366404257
54477.234745000 85.00383366404257
54477.240083000 85.00383366404257
54477.244843000 85.00383366404257
54477.249222000 85.00383366404257
54477.254102000 85.00383366404257
54477.259130000 85.00383366404257
54477.264241000 85.00383366404257
54477.269103000 85.00383366404257
54477.274614000 85.00383366404257
54477.282892000 85.00383366404257
54477.286354000 85.00383366404257
54477.289935000 85.00383366404257
54477.294648000 85.00383366404257
54477.299160000 85.00383366404257
54477.304095000 84.99448059833307
54477.309092000 85.00383366404257
54477.314840000 85.00383366404257
54477.320145000 85.00383366404257
54477.324770000 85.00383366404257
54477.329292000 84.99448059833307
54477.334295000 84.99448059833307
54477.339301000 84.99448059833307
54477.344088000 84.99448059833307
54477.349319000 84.99448059833307
54477.354112000 84.99448059833307
54477.360026000 84.99448059833307
54477.365204000 84.99448059833307
54477.369109000 84.99448059833307
54477.374089000 84.99448059833307
54477.382759000 84.99448059833307
54477.386353000 84.99448059833307
54477.390525000 84.99448059833307
54477.394370000 84.99448059833307
54477.399989000 85.00383366404257
54477.404099000 85.00383366404257
54477.409090000 84.99448059833307
54477.414996000 84.99448059833307
54477.420123000 84.99448059833307
54477.424915000 84.99448059833307
54477.429367000 84.98512660937628
54477.434092000 84.99448059833307
54477.440138000 84.99448059833307
54477.448055000 84.99448059833307
54477.451342000 84.99448059833307
54477.455009000 84.98512660937628
54477.460216000 84.98512660937628
54477.465460000 84.99448059833307
54477.469100000 84.98512660937628
54477.474159000 84.98512660937628
54477.480711000 84.98512660937628
54477.484346000 84.98512660937628
54477.489525000 84.98512660937628
54477.494089000 84.98512660937628
54477.499627000 84.98512660937628
54477.504092000 84.98512660937628
54477.509090000 84.97577169729146
54477.515586000 84.97577169729146
54477.520289000 84.98512660937628
54477.524077000 84.98512660937628
54477.529138000 84.99448059833307
54477.534396000 84.99448059833307
54477.540277000 84.99448059833307
54477.547868000 84.98512660937628
54477.551349000 84.97577169729146
54477.554328000 84.97577169729146
54477.560048000 84.97577169729146
54477.565436000 84.97577169729146
54477.569082000 84.97577169729146
54477.574086000 84.97577169729146
54477.581122000 84.98512660937628
54477.584327000 84.98512660937628
54477.589088000 84.98512660937628
54477.594437000 84.98512660937628
54477.599126000 84.98512660937628
54477.604083000 84.98512660937628
54477.609082000 84.99448059833307
54477.614780000 85.00383366404257
54477.619159000 85.00383366404257
54477.624082000 84.99448059833307
54477.629141000 84.98512660937628
54477.634668000 84.98512660937628
54477.639246000 84.99448059833307
54477.644120000 84.99448059833307
54477.649289000 84.99448059833307
54477.654143000 84.99448059833307
54477.660351000 84.99448059833307
54477.664370000 84.98512660937628
54477.669081000 84.99448059833307
54477.674083000 84.99448059833307
54477.680535000 84.99448059833307
54477.684333000 84.99448059833307
54477.689521000 84.98512660937628
54477.694110000 84.98512660937628
54477.699178000 84.97577169729146
54477.704132000 84.97577169729146
54477.709099000 84.97577169729146
54477.714901000 84.97577169729146
54477.719089000 84.97577169729146
54477.724090000 84.97577169729146
54477.729152000 84.97577169729146
54477.734340000 84.97577169729146
54477.739952000 84.98512660937628
54477.745128000 84.98512660937628
54477.749146000 84.98512660937628
54477.754086000 84.97577169729146
54477.759956000 84.97577169729146
54477.765014000 84.97577169729146
54477.769136000 84.97577169729146
54477.774169000 84.97577169729146
54477.782727000 84.98512660937628
54477.786325000 84.98512660937628
54477.789362000 84.98512660937628
54477.794667000 84.98512660937628
54477.799854000 84.97577169729146
54477.804075000 84.98512660937628
54477.809078000 84.98512660937628
54477.815683000 84.98512660937628
54477.820217000 84.99448059833307
54477.824840000 84.99448059833307
54477.829337000 84.99448059833307
54477.834096000 84.98512660937628
54477.840041000 84.98512660937628
54477.847895000 84.98512660937628
54477.851321000 84.98512660937628
54477.854322000 84.98512660937628
54477.860526000 84.99448059833307
54477.864468000 84.99448059833307
54477.869129000 85.00383366404257
54477.874074000 84.99448059833307
54477.881021000 84.99448059833307
54477.884324000 84.99448059833307
54477.889124000 84.99448059833307
54477.894072000 84.99448059833307
54477.899820000 84.99448059833307
54477.904124000 84.99448059833307
54477.909084000 84.99448059833307
54477.915447000 85.00383366404257
54477.920282000 85.00383366404257
54477.924629000 85.00383366404257
54477.929106000 85.00383366404257
54477.934477000 85.01318580638545
54477.940181000 85.01318580638545
54477.947846000 85.01318580638545
54477.951330000 85.02253702524249
54477.954322000 85.02253702524249
54477.960016000 85.02253702524249
54477.965094000 85.02253702524249
54477.969079000 85.01318580638545
54477.974076000 85.02253702524249
54477.982881000 85.01318580638545
54477.986331000 85.01318580638545
54477.989322000 85.01318580638545
54477.994663000 85.01318580638545
54477.999096000 85.01318580638545
54478.004081000 85.02253702524249
54478.009079000 85.02253702524249
54478.014755000 85.02253702524249
54478.019158000 85.02253702524249
54478.024077000 85.02253702524249
54478.029372000 85.02253702524249
54478.034298000 85.03188732049435
54478.039940000 85.04123669202184
54478.044139000 85.0505851397057
54478.049233000 85.0505851397057
54478.054658000 85.0505851397057
54478.060539000 85.04123669202184
54478.064452000 85.03188732049435
54478.069079000 85.02253702524249
54478.074108000 85.01318580638545
54478.079755000 85.02253702524249
54478.084139000 85.01318580638545
54478.089422000 85.02253702524249
54478.094491000 85.02253702524249
54478.099086000 85.01318580638545
54478.104112000 85.01318580638545
54478.109140000 85.00383366404257
54478.114813000 84.99448059833307
54478.119139000 84.98512660937628
54478.124069000 84.98512660937628
54478.129246000 84.98512660937628
54478.134263000 84.98512660937628
54478.139926000 85.00383366404257
54478.144067000 85.01318580638545
54478.149714000 85.05993266342668
54478.154077000 85.0879696896204
54478.160038000 85.16269440872111
54478.164179000 85.30264357889435
54478.169069000 85.65624689194931
54478.174062000 86.27642413862918
54478.182805000 87.43127506757487
54478.186322000 87.49499136526408
54478.190130000 87.39484475688592
54478.194124000 87.20333541010639
54478.199686000 86.91070520318277
54478.204065000 86.89238355421836
54478.209064000 86.88322130849832
54478.215667000 86.82822794421122
54478.220238000 86.80988924845751
54478.224101000 86.7915467671006
54478.229237000 86.7915467671006
54478.234465000 86.7915467671006
54478.239881000 86.7915467671006
54478.244331000 86.80071848092098
54478.249603000 86.80071848092098
54478.254066000 86.80071848092098
54478.260212000 86.7915467671006
54478.264220000 86.7915467671006
54478.269097000 86.7915467671006
54478.274081000 86.7915467671006
54478.282633000 86.78237410711333
54478.286311000 86.7915467671006
54478.289677000 86.7915467671006
54478.294664000 86.7915467671006
54478.300007000 86.7915467671006
54478.304090000 86.7915467671006
54478.309070000 86.7915467671006
54478.315397000 86.7915467671006
54478.319088000 86.7915467671006
54478.324071000 86.7915467671006
54478.329110000 86.7915467671006
54478.334484000 86.7915467671006
54478.339158000 86.80071848092098
54478.345220000 86.80071848092098
54478.349058000 86.80071848092098
54478.354188000 86.80071848092098
54478.359461000 86.80071848092098
54478.364111000 86.80071848092098
54478.369093000 86.80071848092098
54478.374539000 86.7915467671006
54478.380929000 86.7915467671006
54478.384303000 86.7915467671006
54478.389507000 86.7915467671006
54478.394411000 86.7915467671006
54478.399070000 86.7915467671006
54478.404060000 86.7915467671006
54478.409053000 86.7915467671006
54478.415367000 86.7915467671006
54478.420162000 86.78237410711333
54478.424656000 86.78237410711333
54478.429684000 86.78237410711333
54478.434061000 86.77320050107619
54478.440125000 86.78237410711333
54478.444082000 86.78237410711333
54478.449312000 86.78237410711333
54478.454071000 86.78237410711333
54478.459921000 86.78237410711333
54478.464146000 86.78237410711333
54478.469056000 86.78237410711333
54478.474066000 86.78237410711333
54478.480734000 86.78237410711333
54478.484311000 86.78237410711333
54478.489666000 86.78237410711333
54478.494557000 86.78237410711333
54478.499764000 86.78237410711333
54478.504057000 86.78237410711333
54478.509074000 86.78237410711333
54478.514797000 86.78237410711333
54478.520003000 86.78237410711333
54478.524893000 86.78237410711333
54478.529117000 86.78237410711333
54478.534056000 86.78237410711333
54478.540318000 86.77320050107619
54478.544127000 86.78237410711333
54478.549758000 86.78237410711333
54478.554066000 86.78237410711333
54478.559271000 86.78237410711333
54478.564147000 86.78237410711333
54478.569056000 86.78237410711333
54478.574048000 86.77320050107619
54478.579357000 86.78237410711333
54478.584294000 86.78237410711333
54478.589057000 86.78237410711333
54478.594330000 86.77320050107619
54478.599756000 86.77320050107619
54478.604048000 86.77320050107619
54478.609052000 86.77320050107619
54478.615206000 86.77320050107619
54478.620230000 86.77320050107619
54478.624044000 86.77320050107619
54478.629262000 86.77320050107619
54478.634049000 86.77320050107619
54478.639493000 86.77320050107619
54478.647819000 86.77320050107619
54478.651344000 86.77320050107619
54478.654579000 86.77320050107619
54478.659158000 86.77320050107619
54478.664344000 86.77320050107619
54478.669118000 86.77320050107619
54478.674049000 86.77320050107619
54478.679829000 86.77320050107619
54478.684050000 86.76402594910616
54478.689631000 86.76402594910616
54478.694063000 86.77320050107619
54478.699848000 86.76402594910616
54478.704112000 86.76402594910616
54478.709051000 86.75485045132025
54478.715387000 86.76402594910616
54478.719966000 86.76402594910616
54478.724608000 86.76402594910616
54478.729074000 86.76402594910616
54478.734039000 86.76402594910616
54478.739304000 86.76402594910616
54478.744037000 86.77320050107619
54478.749039000 86.77320050107619
54478.754086000 86.78237410711333
54478.759484000 86.7915467671006
54478.764240000 86.78237410711333
54478.769133000 86.78237410711333
54478.774407000 86.80071848092098
54478.780328000 87.130269045409
54478.784045000 87.2580952273033
54478.789246000 87.476791482733
54478.794036000 87.43127506757487
54478.799731000 87.48589190150977
54478.804073000 87.52228402523176
54478.809063000 87.54956808582004
54478.814608000 87.55866086116826
54478.819057000 87.56775268056596
54478.824085000 87.55866086116826
54478.829660000 87.55866086116826
54478.834282000 87.55866086116826
54478.840190000 87.55866086116826
54478.844693000 87.55866086116826
54478.849768000 87.55866086116826
54478.854091000 87.55866086116826
54478.859289000 87.55866086116826
54478.864233000 87.55866086116826
54478.869099000 87.55866086116826
54478.874037000 87.55866086116826
54478.879351000 87.55866086116826
54478.884044000 87.56775268056596
54478.889122000 87.56775268056596
54478.894041000 87.56775268056596
54478.899612000 87.56775268056596
54478.904039000 87.56775268056596
54478.909042000 87.56775268056596
54478.915501000 87.56775268056596
54478.920121000 87.56775268056596
54478.924903000 87.56775268056596
54478.929187000 87.5131874272411
54478.934034000 87.58593345104586
54478.940382000 87.49499136526408
54478.944108000 87.27634088400632
54478.949791000 86.34097603120313
54478.954032000 85.45169274393429
54478.959230000 84.21496909433685
54478.964269000 82.9718811043973
54478.969035000 81.79068296602048
54478.974031000 80.59613541741743
54478.981814000 78.66561545771337
54478.985279000 77.96825080383759
54478.990367000 77.10590108321786
54478.994034000 76.58152349801613
54478.999465000 75.89247270753478
54479.004029000 75.5872907759335
54479.009512000 75.25075578879006
54479.015154000 74.8621531263281
54479.020232000 74.44158560322144
54479.024536000 74.13301283908213
54479.029121000 73.72048449123167
54479.034456000 73.15122339931236
54479.039187000 72.52754797953125
54479.044078000 72.24599472024158
54479.049571000 72.14157487472522
54479.054644000 72.1833519322659
54479.059184000 72.15202027842783
54479.064147000 72.14157487472522
54479.069035000 72.69413162266903
54479.074074000 73.28598764925181
54479.081608000 73.4206211069672
54479.085357000 72.3920546841786
54479.089350000 70.98797441097574
54479.094767000 68.65392390037564
54479.099042000 66.68599798259082
54479.104033000 64.22387823643204
54479.109108000 61.661432922911935
54479.115249000 58.18522816127952
54479.119108000 56.09523918428228
54479.124022000 53.52564839667262
54479.129388000 50.92987226781366
54479.134028000 48.96685466548828
54479.139173000 47.273823751145045
54479.144264000 45.8322580525409
54479.149030000 44.74098924654655
54479.154040000 44.13454466353462
54479.160374000 43.586657729484735
54479.164288000 43.46744072530646
54479.169034000 43.16922634037806
54479.174033000 43.18115960935814
54479.182795000 42.56011609514793
54479.186276000 42.18938574331985
54479.190126000 41.8063160646611
54479.194307000 41.74642685039344
54479.199677000 41.71048886060766
54479.204047000 41.722468561948546
54479.209371000 41.71048886060766
54479.215036000 41.6985087880582
54479.220127000 41.6985087880582
54479.224163000 41.61463789920707
54479.229259000 41.49479090787964
54479.234089000 41.35092589534435
54479.239931000 41.26698024067201
54479.244569000 41.25498654085812
54479.249212000 41.25498654085812
54479.254085000 41.24299247564508
54479.259942000 41.24299247564508
54479.265413000 41.24299247564508
54479.269079000 41.24299247564508
54479.274075000 41.25498654085812
54479.281416000 41.24299247564508
54479.284336000 41.24299247564508
54479.289494000 41.24299247564508
54479.294685000 41.24299247564508
54479.299705000 41.20700808914076
54479.304078000 41.17102041955129
54479.309135000 41.087036446160646
54479.315117000 40.88300136754992
54479.320272000 40.69087312604695
54479.324272000 40.60678814793716
54479.329486000 40.594774578453055
54479.334073000 40.582760651990085
54479.340609000 40.558731728740355
54479.347625000 40.54671673226006
54479.351323000 40.53470137941381
54479.354322000 40.53470137941381
54479.360498000 40.53470137941381
54479.365341000 40.53470137941381
54479.369075000 40.53470137941381
54479.374067000 40.522685670354825
54479.380625000 40.53470137941381
54479.384320000 40.522685670354825
54479.389090000 40.522685670354825
54479.394317000 40.51066960523637
54479.399836000 40.4986531842117
54479.404070000 40.4986531842117
54479.409106000 40.48663640743404
54479.415156000 40.47461927505668
54479.419166000 40.450583944115884
54479.424074000 40.438565745858995
54479.429122000 40.41452828453864
54479.434083000 40.40250902178174
54479.440001000 40.438565745858995
54479.447199000 40.41452828453864
54479.450317000 40.34240739316187
54479.454344000 40.258250259457824
54479.459101000 40.186101816643735
54479.464129000 40.16204951993594
54479.469077000 40.13799581738829
54479.474073000 40.12596843930799
54479.480588000 40.12596843930799
54479.484339000 40.11394071022788
54479.489271000 40.11394071022788
54479.494202000 40.11394071022788
54479.499870000 40.101912630301385
54479.504072000 40.101912630301385
54479.509074000 40.101912630301385
54479.515058000 40.101912630301385
54479.519104000 40.101912630301385
54479.524068000 40.101912630301385
54479.529410000 40.101912630301385
54479.534100000 40.11394071022788
54479.540034000 40.11394071022788
54479.544629000 40.11394071022788
54479.549079000 40.12596843930799
54479.554072000 40.13799581738829
54479.560530000 40.13799581738829
54479.564444000 40.15002284431541
54479.569070000 40.15002284431541
54479.574072000 40.15002284431541
54479.579324000 40.16204951993594
54479.584071000 40.16204951993594
54479.589185000 40.16204951993594
54479.594157000 40.16204951993594
54479.600702000 40.16204951993594
54479.604311000 40.16204951993594
54479.609072000 40.16204951993594
54479.614104000 40.174075844096514
54479.619081000 40.174075844096514
54479.624063000 40.174075844096514
54479.629461000 40.174075844096514
54479.634067000 40.174075844096514
54479.639959000 40.174075844096514
54479.647614000 40.174075844096514
54479.651336000 40.186101816643735
54479.654408000 40.186101816643735
54479.660361000 40.186101816643735
54479.664109000 40.186101816643735
54479.669071000 40.186101816643735
54479.674065000 40.186101816643735
54479.681810000 40.186101816643735
54479.685410000 40.186101816643735
54479.690231000 40.186101816643735
54479.694064000 40.186101816643735
54479.699349000 40.19812743742421
54479.704066000 40.186101816643735
54479.709375000 40.186101816643735
54479.714285000 40.186101816643735
54479.720272000 40.19812743742421
54479.724060000 40.19812743742421
54479.729110000 40.19812743742421
54479.734311000 40.186101816643735
54479.740548000 40.186101816643735
54479.744740000 40.186101816643735
54479.749529000 40.19812743742421
54479.754058000 40.19812743742421
54479.760241000 40.2101527062846
54479.764225000 40.2101527062846
54479.769056000 40.2101527062846
54479.774069000 40.2101527062846
54479.782806000 40.19812743742421
54479.786311000 40.19812743742421
54479.789772000 40.19812743742421
54479.794050000 40.19812743742421
54479.799552000 40.19812743742421
54479.804111000 40.19812743742421
54479.809064000 40.19812743742421
54479.815276000 40.19812743742421
54479.819104000 40.19812743742421
54479.824109000 40.19812743742421
54479.829130000 40.19812743742421
54479.834057000 40.19812743742421
54479.839146000 40.19812743742421
54479.844142000 40.19812743742421
54479.849483000 40.19812743742421
54479.854058000 40.19812743742421
54479.859414000 40.2101527062846
54479.864178000 40.2101527062846
54479.869062000 40.2101527062846
54479.874059000 40.22217762307152
54479.880546000 40.22217762307152
54479.884293000 40.22217762307152
54479.889880000 40.22217762307152
54479.894099000 40.2101527062846
54479.899507000 40.2101527062846
54479.904206000 40.2101527062846
54479.909525000 40.2101527062846
54479.915215000 40.2101527062846
54479.920068000 40.2101527062846
54479.924080000 40.2101527062846
54479.929565000 40.22217762307152
54479.934089000 40.22217762307152
54479.940174000 40.22217762307152
54479.945006000 40.22217762307152
54479.949624000 40.22217762307152
54479.954176000 40.2101527062846
54479.959944000 40.22217762307152
54479.964301000 40.22217762307152
54479.969060000 40.22217762307152
54479.974105000 40.22217762307152
54479.979975000 40.22217762307152
54479.984053000 40.23420218763159
54479.989051000 40.23420218763159
54479.994044000 40.22217762307152
54479.999880000 40.22217762307152
54480.004050000 40.22217762307152
54480.009245000 40.23420218763159
54480.014758000 40.23420218763159
54480.020062000 40.23420218763159
54480.024073000 40.23420218763159
54480.029101000 40.23420218763159
54480.034051000 40.23420218763159
54480.040078000 40.246226399811476
54480.044105000 40.23420218763159
54480.049611000 40.23420218763159
54480.054052000 40.23420218763159
54480.060206000 40.23420218763159
54480.064122000 40.23420218763159
54480.069051000 40.23420218763159
54480.074046000 40.23420218763159
54480.082873000 40.23420218763159
54480.086309000 40.246226399811476
54480.089579000 40.246226399811476
54480.094128000 40.23420218763159
54480.099401000 40.23420218763159
54480.104049000 40.23420218763159
54480.109082000 40.246226399811476
54480.115177000 40.246226399811476
54480.120224000 40.246226399811476
54480.124043000 40.23420218763159
54480.129352000 40.23420218763159
54480.134313000 40.23420218763159
54480.140302000 40.23420218763159
54480.144484000 40.246226399811476
54480.149612000 40.23420218763159
54480.154043000 40.246226399811476
54480.160250000 40.246226399811476
54480.164358000 40.246226399811476
54480.169039000 40.246226399811476
54480.174087000 40.246226399811476
54480.180370000 40.246226399811476
54480.184158000 40.246226399811476
54480.189672000 40.246226399811476
54480.194069000 40.258250259457824
54480.199407000 40.258250259457824
54480.204199000 40.258250259457824
54480.209259000 40.258250259457824
54480.214994000 40.258250259457824
54480.219067000 40.258250259457824
54480.224036000 40.258250259457824
54480.229575000 40.246226399811476
54480.234047000 40.246226399811476
54480.239050000 40.246226399811476
54480.244325000 40.246226399811476
54480.249309000 40.258250259457824
54480.254052000 40.258250259457824
54480.259284000 40.258250259457824
54480.264276000 40.246226399811476
54480.269235000 40.246226399811476
54480.274034000 40.246226399811476
54480.279867000 40.258250259457824
54480.284282000 40.258250259457824
54480.289787000 40.258250259457824
54480.294039000 40.258250259457824
54480.299405000 40.258250259457824
54480.304037000 40.258250259457824
54480.309034000 40.258250259457824
54480.315216000 40.270273766417255
54480.319081000 40.270273766417255
54480.324054000 40.270273766417255
54480.329360000 40.270273766417255
54480.334270000 40.270273766417255
54480.339922000 40.270273766417255
54480.344246000 40.270273766417255
54480.350298000 40.258250259457824
54480.354031000 40.258250259457824
54480.360286000 40.258250259457824
54480.364069000 40.258250259457824
54480.369031000 40.258250259457824
54480.374028000 40.258250259457824
54480.382664000 40.258250259457824
54480.386307000 40.258250259457824
54480.389501000 40.258250259457824
54480.394026000 40.258250259457824
54480.399182000 40.258250259457824
54480.404031000 40.270273766417255
54480.409034000 40.258250259457824
54480.414539000 40.270273766417255
54480.420164000 40.270273766417255
54480.424057000 40.270273766417255
54480.429210000 40.270273766417255
54480.434044000 40.258250259457824
54480.440417000 40.258250259457824
54480.444211000 40.270273766417255
54480.449493000 40.270273766417255
54480.454033000 40.270273766417255
54480.460171000 40.258250259457824
54480.464135000 40.258250259457824
54480.469032000 40.258250259457824
54480.474029000 40.258250259457824
54480.482641000 40.258250259457824
54480.486279000 40.270273766417255
54480.489567000 40.270273766417255
54480.494592000 40.270273766417255
54480.499828000 40.270273766417255
54480.504030000 40.270273766417255
54480.509054000 40.270273766417255
54480.515149000 40.270273766417255
54480.520241000 40.270273766417255
54480.524033000 40.270273766417255
54480.529155000 40.270273766417255
54480.534083000 40.270273766417255
54480.540193000 40.270273766417255
54480.544192000 40.270273766417255
54480.549362000 40.270273766417255
54480.554025000 40.270273766417255
54480.559915000 40.28229692053644
54480.564966000 40.270273766417255
54480.569026000 40.270273766417255
54480.574021000 40.270273766417255
54480.581982000 40.28229692053644
54480.585279000 40.28229692053644
54480.589742000 40.28229692053644
54480.594045000 40.28229692053644
54480.599435000 40.270273766417255
54480.604263000 40.270273766417255
54480.609291000 40.270273766417255
54480.615053000 40.270273766417255
54480.619097000 40.270273766417255
54480.624026000 40.258250259457824
54480.629380000 40.258250259457824
54480.634024000 40.270273766417255
54480.639898000 40.270273766417255
54480.644383000 40.270273766417255
54480.649098000 40.28229692053644
54480.654408000 40.28229692053644
54480.660408000 40.28229692053644
54480.664160000 40.28229692053644
54480.669025000 40.28229692053644
54480.674086000 40.294319721662035
54480.681438000 40.294319721662035
54480.684277000 40.294319721662035
54480.689936000 40.28229692053644
54480.694958000 40.294319721662035
54480.699396000 40.294319721662035
54480.704024000 40.294319721662035
54480.709072000 40.30634216964071
54480.714593000 40.30634216964071
54480.720117000 40.30634216964071
54480.724880000 40.30634216964071
54480.729154000 40.30634216964071
54480.734026000 40.30634216964071
54480.740038000 40.30634216964071
54480.744036000 40.30634216964071
54480.749526000 40.30634216964071
54480.754013000 40.30634216964071
54480.759983000 40.30634216964071
54480.764142000 40.318364264319136
54480.769010000 40.318364264319136
54480.774007000 40.318364264319136
54480.782618000 40.318364264319136
54480.786259000 40.318364264319136
54480.789308000 40.33038600554394
54480.794332000 40.33038600554394
54480.799544000 40.33038600554394
54480.804008000 40.33038600554394
54480.809011000 40.33038600554394
54480.814891000 40.318364264319136
54480.820219000 40.30634216964071
54480.824003000 40.294319721662035
54480.829070000 40.294319721662035
54480.834107000 40.294319721662035
54480.839203000 40.294319721662035
54480.844031000 40.294319721662035
54480.849370000 40.294319721662035
54480.854008000 40.294319721662035
54480.860150000 40.294319721662035
54480.864084000 40.294319721662035
54480.869027000 40.294319721662035
54480.874017000 40.294319721662035
54480.880367000 40.294319721662035
54480.884080000 40.318364264319136
54480.889247000 40.34240739316187
54480.894616000 40.36644910696368
54480.899931000 40.37846943284096
54480.904027000 40.36644910696368
54480.909070000 40.36644910696368
54480.915105000 40.36644910696368
54480.919049000 40.35442842701955
54480.924051000 40.33038600554394
54480.929059000 40.318364264319136
54480.934017000 40.30634216964071
54480.940606000 40.30634216964071
54480.948000000 40.30634216964071
54480.951315000 40.33038600554394
54480.954287000 40.34240739316187
54480.959153000 40.35442842701955
54480.964043000 40.35442842701955
54480.969005000 40.34240739316187
54480.975008000 40.35442842701955
54480.980499000 40.35442842701955
54480.984303000 40.35442842701955
54480.989287000 40.35442842701955
54480.996635000 40.35442842701955
54481.000814000 40.34240739316187
54481.004233000 40.34240739316187
54481.009006000 40.34240739316187
54481.014572000 40.34240739316187
54481.019034000 40.34240739316187
54481.023996000 40.34240739316187
54481.029095000 40.34240739316187
54481.034015000 40.34240739316187
54481.040340000 40.318364264319136
54481.044154000 40.30634216964071
54481.049122000 40.294319721662035
54481.054529000 40.294319721662035
54481.060501000 40.30634216964071
54481.064358000 40.294319721662035
54481.069012000 40.30634216964071
54481.074036000 40.30634216964071
54481.080714000 40.426547192615494
54481.084298000 40.594774578453055
54481.089667000 40.82297118061214
54481.094057000 40.93101902623077
54481.099857000 40.97903090463471
54481.103996000 41.02703699296437
54481.109044000 41.51876325869746
54481.114479000 42.54816275781196
54481.119986000 44.0750326891052
54481.124690000 44.669697767175016
54481.129384000 45.31078715588432
54481.133996000 45.91514401997896
54481.139880000 47.4034816185548
54481.147280000 48.5797016004907
54481.150243000 50.417053351024514
54481.154356000 51.511471681690495
54481.160276000 53.02933198433573
54481.164044000 53.882859962284975
54481.168988000 55.1119017750323
54481.173979000 56.25493154573209
54481.182702000 58.286958324324026
54481.186232000 59.06531398635307
54481.189409000 59.69495119180744
54481.194447000 60.94855025529656
54481.199656000 62.19441518717554
54481.203982000 63.34419032206364
54481.208983000 64.47601185912505
54481.214952000 65.75315069433331
54481.220180000 66.78332818673611
54481.223975000 67.419991026797
54481.229044000 68.21507364488696
54481.233979000 68.92092637568996
54481.240240000 69.70861463253827
54481.244275000 70.0903757069389
54481.249366000 70.59791133150665
54481.253989000 70.97744553792981
54481.260102000 71.49248218391178
54481.264180000 71.80692176103267
54481.268983000 72.1833519322659
54481.273977000 72.59003980229602
54481.281056000 73.19270323545682
54481.284233000 73.4206211069672
54481.289078000 73.77211891024224
54481.296376000 74.13301283908213
54481.299308000 74.46213192296509
54481.303982000 74.68793293503904
54481.308983000 74.83142504283379
54481.314822000 74.90311278741922
54481.319065000 74.90311278741922
54481.323982000 74.90311278741922
54481.329079000 74.89287406363484
54481.333983000 74.89287406363484
54481.339971000 74.89287406363484
54481.344831000 74.89287406363484
54481.349310000 74.89287406363484
54481.353985000 74.89287406363484
54481.358989000 74.90311278741922
54481.364141000 74.90311278741922
54481.368986000 74.90311278741922
54481.373978000 74.90311278741922
54481.380849000 74.90311278741922
54481.384227000 74.91335071666039
54481.389371000 74.90311278741922
54481.394425000 74.91335071666039
54481.399514000 74.91335071666039
54481.403980000 74.91335071666039
54481.408980000 74.91335071666039
54481.415119000 74.91335071666039
54481.420142000 74.92358785122774
54481.423979000 74.91335071666039
54481.429213000 74.91335071666039
54481.434018000 74.91335071666039
54481.439933000 74.91335071666039
54481.445111000 74.91335071666039
54481.449338000 74.91335071666039
54481.453980000 74.91335071666039
54481.459909000 74.91335071666039
54481.464093000 74.91335071666039
54481.469026000 74.91335071666039
54481.473976000 74.91335071666039
54481.480819000 74.91335071666039
54481.484248000 74.91335071666039
54481.489614000 74.91335071666039
54481.493983000 74.91335071666039
54481.499227000 74.91335071666039
54481.503979000 74.91335071666039
54481.508980000 74.91335071666039
54481.514779000 74.91335071666039
54481.520023000 74.90311278741922
54481.523982000 74.91335071666039
54481.529127000 74.91335071666039
54481.533981000 74.91335071666039
54481.540133000 74.92358785122774
54481.544300000 74.92358785122774
54481.548990000 74.92358785122774
54481.554267000 74.91335071666039
54481.560726000 74.91335071666039
54481.564234000 74.91335071666039
54481.568972000 74.91335071666039
54481.573970000 74.92358785122774
54481.582288000 74.91335071666039
54481.585223000 74.92358785122774
54481.589324000 74.92358785122774
54481.594309000 74.92358785122774
54481.599527000 74.92358785122774
54481.603971000 74.92358785122774
54481.608971000 74.92358785122774
54481.614843000 74.93382419099069
54481.620173000 74.93382419099069
54481.623967000 74.93382419099069
54481.629013000 74.93382419099069
54481.633995000 74.93382419099069
54481.640221000 74.93382419099069
54481.644016000 74.93382419099069
54481.649273000 74.93382419099069
54481.654593000 74.94405973581874
54481.659920000 74.94405973581874
54481.664006000 74.94405973581874
54481.668972000 74.94405973581874
54481.673967000 74.94405973581874
54481.681088000 74.94405973581874
54481.684384000 74.94405973581874
54481.689588000 74.93382419099069
54481.694136000 74.93382419099069
54481.699431000 74.93382419099069
54481.703974000 74.93382419099069
54481.708977000 74.94405973581874
54481.714858000 74.94405973581874
54481.719039000 74.9542944855813
54481.723971000 74.9542944855813
54481.729282000 74.9542944855813
54481.734650000 74.96452844014787
54481.739042000 74.96452844014787
54481.746613000 74.96452844014787
54481.750214000 74.9542944855813
54481.753975000 74.9542944855813
54481.760130000 74.9542944855813
54481.763984000 74.9542944855813
54481.768965000 74.9542944855813
54481.773962000 74.94405973581874
54481.781255000 74.94405973581874
54481.784206000 74.94405973581874
54481.789761000 74.9542944855813
54481.794493000 74.9542944855813
54481.798986000 74.9542944855813
54481.803982000 74.9542944855813
54481.808977000 74.9542944855813
54481.815184000 74.94405973581874
54481.819977000 74.9542944855813
54481.823959000 74.9542944855813
54481.829352000 74.9542944855813
54481.833984000 74.9542944855813
54481.840071000 74.9542944855813
54481.845053000 74.9542944855813
54481.849339000 74.9542944855813
54481.853971000 74.9542944855813
54481.859854000 74.9542944855813
54481.863979000 74.94405973581874
54481.868991000 74.9542944855813
54481.873965000 74.9542944855813
54481.882289000 74.9542944855813
54481.885260000 74.9542944855813
54481.889090000 74.9542944855813
54481.894180000 74.9542944855813
54481.899402000 74.9542944855813
54481.903963000 74.9542944855813
54481.908966000 74.9542944855813
54481.914780000 74.9542944855813
54481.920097000 74.9542944855813
54481.923958000 74.9542944855813
54481.929173000 74.9542944855813
54481.933963000 74.9542944855813
54481.939095000 74.9542944855813
54481.943989000 74.9542944855813
54481.949239000 74.9542944855813
54481.953974000 74.9542944855813
54481.960829000 74.9542944855813
54481.964250000 74.9542944855813
54481.968966000 74.9542944855813
54481.973950000 74.9542944855813
54481.981092000 74.9542944855813
54481.984198000 74.9542944855813
54481.989240000 74.9542944855813
54481.996662000 74.9542944855813
54482.000466000 74.96452844014787
54482.004193000 74.9542944855813
54482.008952000 74.9542944855813
54482.014632000 74.9542944855813
54482.020161000 74.9542944855813
54482.023946000 74.9542944855813
54482.029136000 74.9542944855813
54482.033960000 74.9542944855813
54482.040522000 74.9542944855813
54482.044533000 74.9542944855813
54482.048962000 74.9542944855813
54482.054112000 74.9542944855813
54482.059178000 74.9542944855813
54482.064133000 74.9542944855813
54482.068962000 74.9542944855813
54482.074424000 74.96452844014787
54482.080390000 74.96452844014787
54482.084256000 74.96452844014787
54482.089559000 74.96452844014787
54482.093966000 74.9542944855813
54482.099510000 74.94405973581874
54482.103954000 74.94405973581874
54482.108958000 74.94405973581874
54482.114971000 74.9542944855813
54482.118990000 74.9542944855813
54482.123949000 74.96452844014787
54482.129867000 74.96452844014787
54482.134298000 74.9542944855813
54482.140070000 74.9542944855813
54482.144724000 74.9542944855813
54482.149269000 74.9542944855813
54482.154403000 74.9542944855813
54482.159976000 74.9542944855813
54482.164028000 74.9542944855813
54482.168960000 74.9542944855813
54482.173944000 74.9542944855813
54482.180271000 74.9542944855813
54482.183961000 74.9542944855813
54482.189206000 74.9542944855813
54482.194468000 74.9542944855813
54482.199440000 74.9542944855813
54482.203947000 74.9542944855813
54482.208979000 74.9542944855813
54482.214334000 74.9542944855813
54482.218976000 74.9542944855813
54482.223945000 74.9542944855813
54482.229065000 74.9542944855813
54482.233951000 74.9542944855813
54482.239805000 74.96452844014787
54482.246847000 74.96452844014787
54482.250207000 74.96452844014787
54482.253947000 74.96452844014787
54482.260809000 74.9542944855813
54482.264198000 74.9542944855813
54482.268948000 74.9542944855813
54482.273946000 74.9542944855813
54482.281165000 74.96452844014787
54482.284191000 74.9542944855813
54482.289447000 74.96452844014787
54482.293961000 74.96452844014787
54482.299360000 74.96452844014787
54482.303952000 74.96452844014787
54482.308950000 74.96452844014787
54482.314644000 74.9542944855813
54482.319873000 74.9542944855813
54482.323942000 74.9542944855813
54482.329011000 74.9542944855813
54482.333948000 74.9542944855813
54482.340250000 74.9542944855813
54482.344006000 74.9542944855813
54482.349237000 74.9542944855813
54482.353965000 74.9542944855813
54482.360697000 74.9542944855813
54482.364210000 74.9542944855813
54482.368976000 74.96452844014787
54482.373924000 74.96452844014787
54482.381044000 74.96452844014787
54482.384172000 74.9542944855813
54482.389254000 74.9542944855813
54482.393950000 74.9542944855813
54482.399324000 74.9542944855813
54482.404136000 74.9542944855813
54482.409124000 74.96452844014787
54482.414734000 74.96452844014787
54482.420035000 74.96452844014787
54482.423920000 74.96452844014787
54482.428971000 74.96452844014787
54482.433978000 74.96452844014787
54482.440209000 74.9542944855813
54482.443935000 74.9542944855813
54482.449252000 74.9542944855813
54482.453960000 74.9542944855813
54482.459913000 74.96452844014787
54482.463941000 74.96452844014787
54482.468926000 74.96452844014787
54482.473923000 74.96452844014787
54482.480151000 74.96452844014787
54482.483933000 74.96452844014787
54482.489593000 74.97476159938792
54482.494135000 74.97476159938792
54482.498935000 74.96452844014787
54482.503927000 74.96452844014787
54482.508927000 74.9542944855813
54482.514208000 74.9542944855813
54482.519998000 74.9542944855813
54482.523922000 74.9542944855813
54482.529050000 74.96452844014787
54482.533951000 74.96452844014787
54482.540189000 74.9542944855813
54482.544527000 74.9542944855813
54482.548934000 74.96452844014787
54482.554488000 74.96452844014787
54482.560256000 74.96452844014787
54482.564164000 74.96452844014787
54482.568956000 74.96452844014787
54482.573905000 74.97476159938792
54482.580484000 74.97476159938792
54482.584150000 74.97476159938792
54482.589417000 74.96452844014787
54482.596786000 74.96452844014787
54482.600262000 74.97476159938792
54482.603921000 74.97476159938792
54482.609400000 74.97476159938792
54482.614567000 74.96452844014787
54482.619862000 74.97476159938792
54482.623902000 74.97476159938792
54482.629136000 74.97476159938792
54482.633912000 74.97476159938792
54482.640377000 74.97476159938792
54482.645355000 74.96452844014787
54482.649152000 74.97476159938792
54482.653956000 74.96452844014787
54482.661464000 74.97476159938792
54482.666075000 74.96452844014787
54482.669210000 74.96452844014787
54482.674148000 74.96452844014787
54482.681112000 74.96452844014787
54482.684153000 74.97476159938792
54482.689075000 74.97476159938792
54482.693970000 74.97476159938792
54482.699227000 74.97476159938792
54482.703907000 74.97476159938792
54482.708910000 74.97476159938792
54482.714644000 74.97476159938792
54482.720104000 74.97476159938792
54482.723946000 74.97476159938792
54482.729043000 74.97476159938792
54482.733911000 74.97476159938792
54482.740096000 74.97476159938792
54482.746114000 74.96452844014787
54482.749451000 74.96452844014787
54482.754388000 74.96452844014787
54482.760058000 74.97476159938792
54482.764354000 74.97476159938792
54482.768930000 74.97476159938792
54482.773930000 74.97476159938792
54482.779722000 74.97476159938792
54482.783951000 74.97476159938792
54482.789072000 74.97476159938792
54482.793917000 74.97476159938792
54482.799101000 74.97476159938792
54482.803931000 74.97476159938792
54482.808899000 74.9849939631709
54482.814742000 74.97476159938792
54482.818979000 74.97476159938792
54482.823897000 74.97476159938792
54482.829328000 74.97476159938792
54482.834357000 74.9849939631709
54482.839881000 74.9849939631709
54482.844070000 74.9849939631709
54482.848973000 74.9849939631709
54482.854106000 74.9849939631709
54482.859048000 74.9849939631709
54482.864094000 74.9849939631709
54482.868902000 74.9849939631709
54482.873916000 74.9849939631709
54482.880080000 74.9849939631709
54482.883906000 74.9849939631709
54482.889332000 74.9849939631709
54482.894499000 74.99522553136636
54482.899396000 74.99522553136636
54482.903900000 74.99522553136636
54482.908907000 74.99522553136636
54482.914286000 75.00545630384377
54482.919947000 75.00545630384377
54482.923908000 75.00545630384377
54482.929082000 75.00545630384377
54482.933907000 75.00545630384377
54482.940170000 75.00545630384377
54482.944801000 75.00545630384377
54482.949375000 75.01568628047266
54482.953910000 75.01568628047266
54482.959826000 75.02591546112258
54482.963967000 75.02591546112258
54482.968914000 75.03614384566303
54482.973890000 75.03614384566303
54482.981000000 75.03614384566303
54482.984140000 75.02591546112258
54482.988952000 75.01568628047266
54482.993901000 75.00545630384377
54482.999090000 75.00545630384377
54483.003892000 75.00545630384377
54483.009481000 75.00545630384377
54483.014531000 74.99522553136636
54483.019952000 74.99522553136636
54483.023886000 74.99522553136636
54483.028961000 74.99522553136636
54483.033892000 75.00545630384377
54483.040219000 75.00545630384377
54483.044146000 75.00545630384377
54483.049516000 75.00545630384377
54483.053887000 75.00545630384377
54483.061515000 75.00545630384377
54483.065421000 75.00545630384377
54483.069134000 74.99522553136636
54483.073891000 75.00545630384377
54483.079994000 75.00545630384377
54483.083899000 75.00545630384377
54483.088907000 75.00545630384377
54483.093897000 75.00545630384377
54483.099274000 75.00545630384377
54483.103896000 75.00545630384377
54483.108902000 75.01568628047266
54483.114608000 75.01568628047266
54483.120104000 75.01568628047266
54483.123887000 75.02591546112258
54483.128958000 75.01568628047266
54483.133936000 75.02591546112258
54483.140110000 75.02591546112258
54483.147651000 75.02591546112258
54483.151166000 75.03614384566303
54483.154678000 75.03614384566303
54483.159865000 75.04637143396361
54483.164235000 75.04637143396361
54483.168894000 75.04637143396361
54483.173897000 75.04637143396361
54483.180623000 75.04637143396361
54483.184135000 75.03614384566303
54483.189380000 75.03614384566303
54483.194162000 75.03614384566303
54483.199245000 75.03614384566303
54483.203886000 75.04637143396361
54483.209493000 75.04637143396361
54483.214820000 75.04637143396361
54483.218946000 75.04637143396361
54483.223885000 75.03614384566303
54483.229288000 75.03614384566303
54483.233889000 75.04637143396361
54483.238896000 75.04637143396361
54483.243910000 75.04637143396361
54483.248948000 75.04637143396361
54483.254209000 75.04637143396361
54483.260013000 75.04637143396361
54483.263929000 75.05659822589382
54483.268886000 75.05659822589382
54483.273883000 75.05659822589382
54483.280679000 75.05659822589382
54483.284133000 75.05659822589382
54483.289343000 75.05659822589382
54483.294605000 75.05659822589382
54483.298892000 75.05659822589382
54483.303934000 75.05659822589382
54483.308888000 75.05659822589382
54483.314624000 75.05659822589382
54483.319915000 75.05659822589382
54483.323880000 75.05659822589382
54483.329210000 75.05659822589382
54483.333946000 75.05659822589382
54483.338898000 75.05659822589382
54483.345087000 75.05659822589382
54483.349543000 75.05659822589382
54483.353886000 75.04637143396361
54483.359810000 75.04637143396361
54483.363893000 75.04637143396361
54483.368946000 75.05659822589382
54483.373870000 75.05659822589382
54483.381045000 75.11794224639449
54483.384117000 75.13838387635361
54483.388911000 75.11794224639449
54483.393896000 75.05659822589382
54483.399086000 75.03614384566303
54483.403872000 75.04637143396361
54483.409423000 75.07704942012151
54483.414643000 75.04637143396361
54483.420021000 75.04637143396361
54483.423867000 75.04637143396361
54483.429075000 75.03614384566303
54483.433873000 75.02591546112258
54483.440023000 75.00545630384377
54483.444370000 75.00545630384377
54483.449279000 75.01568628047266
54483.454274000 75.01568628047266
54483.461588000 75.02591546112258
54483.465660000 75.02591546112258
54483.469112000 75.02591546112258
54483.473869000 75.03614384566303
54483.480809000 75.04637143396361
54483.484128000 75.03614384566303
54483.488961000 75.03614384566303
54483.493875000 75.03614384566303
54483.499277000 75.03614384566303
54483.503909000 75.03614384566303
54483.508874000 75.03614384566303
54483.514384000 75.03614384566303
54483.520139000 75.03614384566303
54483.523900000 75.03614384566303
54483.529059000 75.04637143396361
54483.533906000 75.04637143396361
54483.540058000 75.03614384566303
54483.548125000 75.04637143396361
54483.551121000 75.03614384566303
54483.554504000 75.04637143396361
54483.559916000 75.03614384566303
54483.563891000 75.03614384566303
54483.568871000 75.03614384566303
54483.573863000 75.04637143396361
54483.579887000 75.04637143396361
54483.583872000 75.04637143396361
54483.588859000 75.03614384566303
54483.594052000 75.03614384566303
54483.599347000 75.03614384566303
54483.603866000 75.03614384566303
54483.608864000 75.04637143396361
54483.614034000 75.03614384566303
54483.618937000 75.04637143396361
54483.623864000 75.04637143396361
54483.629276000 75.04637143396361
54483.633865000 75.04637143396361
54483.639840000 75.04637143396361
54483.644553000 75.04637143396361
54483.648871000 75.04637143396361
54483.654206000 75.05659822589382
54483.660046000 75.05659822589382
54483.663973000 75.04637143396361
54483.668866000 75.04637143396361
54483.674235000 75.04637143396361
54483.681055000 75.04637143396361
54483.684130000 75.04637143396361
54483.689419000 75.04637143396361
54483.693942000 75.04637143396361
54483.699173000 75.04637143396361
54483.703896000 75.04637143396361
54483.708897000 75.04637143396361
54483.714509000 75.04637143396361
54483.719779000 75.04637143396361
54483.723860000 75.04637143396361
54483.728992000 75.04637143396361
54483.733868000 75.04637143396361
54483.739723000 75.04637143396361
54483.747402000 75.04637143396361
54483.751158000 75.04637143396361
54483.754837000 75.04637143396361
54483.759838000 75.04637143396361
54483.763889000 75.05659822589382
54483.768865000 75.06682422132327
54483.773858000 75.07704942012151
54483.780758000 75.07704942012151
54483.784105000 75.07704942012151
54483.788865000 75.08727382215817
54483.794124000 75.08727382215817
54483.799046000 75.08727382215817
54483.803861000 75.11794224639449
54483.809472000 75.15882231613729
54483.814392000 75.14860349508255
54483.820046000 75.07704942012151
54483.823854000 75.08727382215817
54483.828935000 75.20990445173686
54483.833859000 75.35282818480236
54483.840026000 75.4854026384925
54483.844207000 75.55673276311592
54483.849356000 75.70945049791632
54483.853859000 75.83149432480393
54483.860080000 75.90263294701431
54483.863985000 75.88231166089382
54483.868883000 75.84165940530787
54483.873862000 75.80099424550853
54483.879751000 75.80099424550853
54483.883860000 75.80099424550853
54483.888885000 75.81116174477461
54483.894147000 75.84165940530787
54483.899294000 75.94326583072682
54483.903871000 76.03464254961358
54483.909329000 76.05493959174602
54483.914591000 76.00419091942882
54483.919898000 75.94326583072682
54483.924380000 75.94326583072682
54483.928894000 75.94326583072682
54483.933860000 75.94326583072682
54483.938895000 75.93310882118867
54483.945993000 75.93310882118867
54483.949113000 75.92295100397084
54483.953862000 75.92295100397084
54483.960269000 75.90263294701431
54483.964183000 75.90263294701431
54483.968861000 75.89247270753478
54483.973859000 75.85182367929845
54483.980665000 75.75014466185137
54483.984101000 75.70945049791632
54483.989174000 75.6992749445402
54483.994242000 75.70945049791632
54483.999143000 75.70945049791632
54484.003854000 75.70945049791632
54484.009283000 75.71962524646524
54484.013975000 75.70945049791632
54484.019844000 75.72979919005722
54484.024440000 75.73997232856254
54484.028959000 75.75014466185137
54484.033853000 75.76031618979405
54484.040045000 75.76031618979405
54484.044901000 75.7704869122608
54484.049288000 75.7704869122608
54484.053855000 75.7704869122608
54484.059713000 75.75014466185137
54484.064646000 75.75014466185137
54484.068855000 75.73997232856254
54484.073869000 75.73997232856254
54484.080795000 75.75014466185137
54484.084119000 75.76031618979405
54484.088982000 75.7704869122608
54484.093886000 75.7704869122608
54484.100144000 75.7704869122608
54484.104997000 75.7704869122608
54484.109262000 75.78065682912192
54484.114365000 75.78065682912192
54484.119833000 75.78065682912192
54484.124606000 75.78065682912192
54484.128927000 75.78065682912192
54484.133854000 75.78065682912192
54484.139850000 75.79082594024776
54484.146319000 75.78065682912192
54484.150105000 75.79082594024776
54484.154553000 75.78065682912192
54484.161349000 75.79082594024776
54484.165599000 75.81116174477461
54484.169094000 75.83149432480393
54484.174299000 75.86198714664604
54484.179668000 75.87214980722105
54484.183845000 75.90263294701431
54484.188834000 75.97373201196784
54484.195794000 76.14623620933835
54484.200130000 76.46019930230095
54484.203834000 76.59162854705987
54484.208875000 76.67243954976519
54484.214385000 76.64214154852597
54484.220035000 76.6118361967834
54484.224373000 76.63204058116261
54484.228949000 76.7229198746
54484.233838000 76.83390460433597
54484.240048000 76.96494057222682
54484.244344000 77.01530209905982
54484.249277000 77.04550915840517
54484.253832000 77.0857737307938
54484.259890000 77.13608594175311
54484.264699000 77.14614591539133
54484.268902000 77.15620506587895
54484.273835000 77.15620506587895
54484.280485000 77.15620506587895
54484.284129000 77.206488466568
54484.288890000 77.38733804258445
54484.293932000 77.62805426346333
54484.299247000 77.84829121842859
54484.303896000 77.89828895351128
54484.309000000 77.88829107147136
54484.314588000 77.89828895351128
54484.319749000 77.90828600280786
54484.324025000 77.90828600280786
54484.328879000 77.89828895351128
54484.333840000 77.90828600280786
54484.338851000 77.90828600280786
54484.344419000 77.90828600280786
54484.348852000 77.90828600280786
54484.354562000 77.91828221923357
54484.360150000 78.01819854755125
54484.363880000 78.15794122087893
54484.368836000 78.3772056384201
54484.373835000 78.50658022411383
54484.380770000 78.45683756287896
54484.384080000 78.38716256629057
54484.389153000 78.25765710989545
54484.393902000 78.07810830760951
54484.398841000 77.8282862987629
54484.403859000 77.58796801745582
54484.409108000 77.3170394205428
54484.414166000 77.03544096031928
54484.418838000 76.7229198746
54484.423874000 76.4298499206184
54484.429048000 76.13609538058381
54484.433883000 76.0244928150207
54484.440197000 76.48042815162704
54484.445762000 77.26680135661816
54484.449092000 78.41702831552372
54484.454764000 79.1018486518719
54484.461098000 79.26995414828538
54484.464098000 79.25018977264445
54484.468878000 79.26995414828538
54484.473888000 79.32922686547836
54484.480714000 79.37859739531055
54484.484077000 79.38846894691162
54484.488910000 79.37859739531055
54484.496343000 79.34897763127292
54484.500150000 79.35885173736531
54484.504675000 79.35885173736531
54484.508829000 79.35885173736531
54484.514125000 79.32922686547836
54484.519896000 79.31935020602808
54484.525046000 79.32922686547836
54484.528906000 79.34897763127292
54484.533829000 79.35885173736531
54484.540175000 79.30947269571038
54484.544165000 79.24030630978297
54484.548961000 79.09195245436287
54484.553831000 78.96322476768822
54484.561407000 78.78475036632526
54484.565556000 78.70534058520053
54484.569068000 78.65568206920055
54484.574254000 78.64574783828468
54484.580555000 78.64574783828468
54484.584084000 78.64574783828468
54484.588861000 78.64574783828468
54484.596312000 78.63581276509245
54484.600143000 78.61594009238583
54484.603865000 78.61594009238583
54484.608876000 78.61594009238583
54484.614218000 78.61594009238583
54484.620017000 78.61594009238583
54484.623831000 78.61594009238583
54484.628915000 78.61594009238583
54484.633825000 78.6258768497506
54484.640233000 78.6258768497506
54484.643942000 78.63581276509245
54484.649094000 78.63581276509245
54484.653879000 78.64574783828468
54484.659717000 78.64574783828468
54484.664758000 78.65568206920055
54484.668824000 78.66561545771337
54484.673858000 78.66561545771337
54484.680490000 78.67554800369646
54484.684121000 78.68547970702312
54484.688990000 78.68547970702312
54484.693920000 78.69541056756671
54484.698934000 78.68547970702312
54484.703827000 78.68547970702312
54484.709139000 78.68547970702312
54484.714618000 78.68547970702312
54484.718918000 78.68547970702312
54484.723854000 78.68547970702312
54484.729166000 78.67554800369646
54484.734327000 78.67554800369646
54484.739824000 78.66561545771337
54484.746243000 78.65568206920055
54484.749110000 78.65568206920055
54484.753871000 78.64574783828468
54484.760253000 78.63581276509245
54484.763889000 78.6258768497506
54484.768854000 78.6258768497506
54484.774162000 78.61594009238583
54484.780788000 78.60600249312486
54484.784103000 78.60600249312486
54484.788879000 78.60600249312486
54484.793897000 78.59606405209446
54484.800095000 78.60600249312486
54484.803867000 78.60600249312486
54484.809143000 78.60600249312486
54484.814196000 78.60600249312486
54484.819792000 78.59606405209446
54484.824530000 78.59606405209446
54484.828880000 78.59606405209446
54484.833848000 78.60600249312486
54484.839214000 78.60600249312486
54484.843862000 78.60600249312486
54484.849062000 78.60600249312486
54484.853856000 78.60600249312486
54484.861433000 78.60600249312486
54484.865088000 78.60600249312486
54484.868848000 78.60600249312486
54484.873848000 78.60600249312486
54484.880477000 78.60600249312486
54484.884102000 78.60600249312486
54484.888856000 78.60600249312486
54484.893885000 78.61594009238583
54484.899919000 78.61594009238583
54484.903848000 78.61594009238583
54484.909028000 78.61594009238583
54484.914088000 78.61594009238583
54484.920006000 78.61594009238583
54484.923842000 78.60600249312486
54484.929065000 78.60600249312486
54484.933846000 78.60600249312486
54484.939954000 78.61594009238583
54484.947369000 78.61594009238583
54484.951092000 78.6258768497506
54484.954090000 78.6258768497506
54484.961420000 78.61594009238583
54484.965482000 78.61594009238583
54484.969086000 78.61594009238583
54484.973845000 78.61594009238583
54484.980639000 78.6258768497506
54484.984100000 78.6258768497506
54484.988863000 78.6258768497506
54484.996345000 78.6258768497506
54485.000124000 78.6258768497506
54485.004637000 78.6258768497506
54485.008870000 78.6258768497506
54485.014085000 78.6258768497506
54485.018932000 78.6258768497506
54485.023851000 78.63581276509245
54485.028891000 78.63581276509245
54485.033847000 78.63581276509245
54485.039677000 78.63581276509245
54485.047977000 78.63581276509245
54485.051129000 78.63581276509245
54485.054791000 78.63581276509245
54485.058978000 78.63581276509245
54485.063894000 78.63581276509245
54485.068853000 78.63581276509245
54485.073844000 78.6258768497506
54485.080480000 78.61594009238583
54485.084118000 78.61594009238583
54485.088983000 78.61594009238583
54485.094367000 78.6258768497506
54485.099215000 78.61594009238583
54485.104041000 78.61594009238583
54485.108899000 78.61594009238583
54485.114502000 78.61594009238583
54485.118847000 78.6258768497506
54485.123841000 78.61594009238583
54485.129026000 78.6258768497506
54485.133847000 78.6258768497506
54485.139184000 78.6258768497506
54485.144072000 78.61594009238583
54485.148852000 78.6258768497506
54485.154080000 78.6258768497506
54485.160960000 78.6258768497506
54485.164080000 78.6258768497506
54485.168848000 78.6258768497506
54485.173854000 78.6258768497506
54485.180608000 78.61594009238583
54485.184150000 78.61594009238583
54485.188847000 78.6258768497506
54485.196986000 78.6258768497506
54485.200111000 78.6258768497506
54485.204728000 78.61594009238583
54485.208847000 78.61594009238583
54485.214069000 78.61594009238583
54485.219793000 78.6258768497506
54485.224968000 78.6258768497506
54485.228992000 78.6258768497506
54485.233848000 78.6258768497506
54485.240005000 78.6258768497506
54485.243933000 78.6258768497506
54485.248848000 78.6258768497506
54485.253846000 78.6258768497506
54485.261463000 78.63581276509245
54485.265094000 78.63581276509245
54485.268849000 78.63581276509245
54485.273845000 78.63581276509245
54485.280167000 78.63581276509245
54485.283852000 78.63581276509245
54485.288855000 78.63581276509245
54485.296464000 78.63581276509245
54485.300104000 78.63581276509245
54485.303848000 78.63581276509245
54485.308850000 78.63581276509245
54485.314088000 78.63581276509245
54485.320039000 78.63581276509245
54485.323841000 78.6258768497506
54485.328969000 78.6258768497506
54485.333848000 78.6258768497506
54485.340232000 78.6258768497506
54485.343954000 78.61594009238583
54485.349010000 78.61594009238583
54485.353842000 78.61594009238583
54485.360624000 78.61594009238583
54485.364138000 78.61594009238583
54485.368825000 78.61594009238583
54485.373862000 78.61594009238583
54485.379603000 78.61594009238583
54485.383853000 78.61594009238583
54485.388889000 78.61594009238583
54485.394178000 78.61594009238583
54485.399771000 78.61594009238583
54485.404490000 78.61594009238583
54485.408844000 78.6258768497506
54485.414117000 78.6258768497506
54485.418870000 78.6258768497506
54485.423862000 78.61594009238583
54485.428858000 78.61594009238583
54485.433809000 78.61594009238583
54485.438857000 78.61594009238583
54485.446152000 78.61594009238583
54485.449064000 78.60600249312486
54485.453803000 78.60600249312486
54485.460487000 78.61594009238583
54485.464171000 78.61594009238583
54485.468808000 78.61594009238583
54485.473806000 78.60600249312486
54485.480292000 78.60600249312486
54485.484069000 78.60600249312486
54485.489014000 78.60600249312486
54485.494436000 78.60600249312486
54485.498831000 78.60600249312486
54485.503807000 78.60600249312486
54485.509013000 78.61594009238583
54485.513953000 78.61594009238583
54485.519809000 78.60600249312486
54485.524825000 78.60600249312486
54485.528958000 78.60600249312486
54485.533811000 78.59606405209446
54485.539879000 78.60600249312486
54485.546156000 78.60600249312486
54485.549136000 78.59606405209446
54485.554496000 78.60600249312486
54485.560974000 78.60600249312486
54485.564071000 78.60600249312486
54485.568812000 78.60600249312486
54485.573963000 78.60600249312486
54485.580554000 78.60600249312486
54485.584055000 78.61594009238583
54485.588808000 78.61594009238583
54485.596246000 78.61594009238583
54485.600110000 78.6258768497506
54485.604406000 78.6258768497506
54485.608845000 78.6258768497506
54485.613846000 78.6258768497506
54485.619771000 78.61594009238583
54485.624872000 78.61594009238583
54485.628857000 78.61594009238583
54485.633796000 78.61594009238583
54485.639802000 78.61594009238583
54485.647130000 78.61594009238583
54485.650044000 78.6258768497506
54485.653795000 78.61594009238583
54485.661271000 78.61594009238583
54485.665925000 78.61594009238583
54485.669039000 78.61594009238583
54485.673992000 78.61594009238583
54485.680300000 78.60600249312486
54485.684056000 78.60600249312486
54485.688798000 78.60600249312486
54485.696107000 78.60600249312486
54485.699953000 78.60600249312486
54485.703796000 78.60600249312486
54485.708948000 78.61594009238583
54485.713861000 78.61594009238583
54485.719973000 78.61594009238583
54485.725086000 78.61594009238583
54485.729063000 78.6258768497506
54485.733834000 78.6258768497506
54485.739912000 78.6258768497506
54485.747667000 78.61594009238583
54485.751114000 78.61594009238583
54485.754389000 78.61594009238583
54485.760610000 78.61594009238583
54485.764083000 78.61594009238583
54485.768808000 78.60600249312486
54485.773828000 78.60600249312486
54485.779490000 78.61594009238583
54485.783809000 78.61594009238583
54485.788803000 78.61594009238583
54485.796301000 78.61594009238583
54485.800086000 78.60600249312486
54485.804536000 78.61594009238583
54485.808818000 78.61594009238583
54485.814098000 78.61594009238583
54485.818823000 78.61594009238583
54485.823793000 78.61594009238583
54485.828829000 78.61594009238583
54485.833824000 78.61594009238583
54485.839737000 78.61594009238583
54485.846102000 78.61594009238583
54485.849048000 78.61594009238583
54485.853788000 78.61594009238583
54485.860088000 78.61594009238583
54485.863815000 78.61594009238583
54485.868792000 78.60600249312486
54485.873807000 78.60600249312486
54485.881507000 78.60600249312486
54485.885040000 78.60600249312486
54485.889218000 78.61594009238583
54485.894052000 78.61594009238583
54485.898957000 78.60600249312486
54485.903792000 78.61594009238583
54485.909034000 78.60600249312486
54485.913950000 78.60600249312486
54485.918811000 78.60600249312486
54485.923806000 78.60600249312486
54485.928846000 78.60600249312486
54485.933811000 78.61594009238583
54485.939675000 78.60600249312486
54485.946834000 78.60600249312486
54485.950053000 78.60600249312486
54485.954213000 78.60600249312486
54485.961297000 78.60600249312486
54485.966012000 78.61594009238583
54485.969051000 78.61594009238583
54485.974004000 78.61594009238583
54485.980295000 78.61594009238583
54485.984066000 78.61594009238583
54485.988792000 78.61594009238583
54485.995985000 78.61594009238583
54485.999774000 78.61594009238583
54486.004607000 78.61594009238583
54486.008769000 78.61594009238583
54486.013832000 78.61594009238583
54486.019870000 78.61594009238583
54486.024998000 78.61594009238583
54486.028881000 78.61594009238583
54486.033780000 78.61594009238583
54486.039878000 78.61594009238583
54486.044049000 78.61594009238583
54486.048837000 78.61594009238583
54486.053771000 78.61594009238583
54486.061354000 78.61594009238583
54486.065433000 78.61594009238583
54486.069009000 78.61594009238583
54486.074255000 78.61594009238583
54486.080903000 78.60600249312486
54486.084019000 78.60600249312486
54486.088787000 78.61594009238583
54486.094273000 78.61594009238583
54486.099936000 78.61594009238583
54486.103769000 78.61594009238583
54486.108855000 78.61594009238583
54486.114081000 78.61594009238583
54486.119979000 78.61594009238583
54486.123765000 78.61594009238583
54486.128902000 78.61594009238583
54486.133822000 78.61594009238583
54486.139704000 78.61594009238583
54486.146420000 78.60600249312486
54486.150016000 78.60600249312486
54486.154159000 78.60600249312486
54486.160568000 78.61594009238583
54486.164132000 78.60600249312486
54486.168772000 78.61594009238583
54486.173771000 78.61594009238583
54486.179455000 78.61594009238583
54486.183776000 78.61594009238583
54486.188776000 78.61594009238583
54486.194209000 78.61594009238583
54486.198786000 78.61594009238583
54486.203757000 78.61594009238583
54486.208827000 78.61594009238583
54486.214055000 78.60600249312486
54486.218815000 78.60600249312486
54486.223755000 78.61594009238583
54486.228930000 78.61594009238583
54486.233759000 78.61594009238583
54486.239796000 78.61594009238583
54486.247987000 78.61594009238583
54486.251008000 78.61594009238583
54486.254767000 78.61594009238583
54486.260227000 78.61594009238583
54486.263997000 78.61594009238583
54486.268756000 78.61594009238583
54486.274042000 78.61594009238583
54486.280584000 78.60600249312486
54486.284011000 78.61594009238583
54486.288780000 78.61594009238583
54486.296852000 78.61594009238583
54486.300019000 78.61594009238583
54486.304731000 78.60600249312486
54486.308803000 78.60600249312486
54486.313877000 78.60600249312486
54486.319735000 78.60600249312486
54486.324891000 78.61594009238583
54486.328798000 78.61594009238583
54486.333757000 78.61594009238583
54486.339620000 78.60600249312486
54486.345793000 78.60600249312486
54486.349067000 78.60600249312486
54486.354186000 78.60600249312486
54486.361231000 78.60600249312486
54486.365886000 78.60600249312486
54486.369043000 78.59606405209446
